1 0 0 0 0 0 0 0 1 0  ---- 97.959 <= 100 : 197.59 >= 197.59
1 1 0 0 0 0 0 1 0 0  ---- 90.143 <= 100 : 188.208 >= 188.208
0 0 0 1 0 0 1 0 0 1  ---- 99.869 <= 100 : 184.541 >= 184.541
0 0 0 0 0 0 1 1 1 0  ---- 99.366 <= 100 : 209.221 >= 209.222
1 0 0 0 0 1 0 0 1 0  ---- 91.767 <= 100 : 169.646 >= 169.645
0 1 1 0 0 0 0 0 1 0  ---- 98.076 <= 100 : 196.025 >= 196.025
0 1 0 0 0 1 1 0 0 0  ---- 96.074 <= 100 : 206.6 >= 206.6
0 1 0 1 1 0 0 0 0 0  ---- 92.724 <= 100 : 183.633 >= 183.632
1 1 0 0 1 0 0 0 1 0  ---- 99.514 <= 100 : 165.057 >= 165.059
1 0 0 0 1 1 0 1 0 0  ---- 95.949 <= 100 : 165.744 >= 165.745
0 0 1 0 0 0 1 0 0 0  ---- 93.789 <= 100 : 185.516 >= 185.516
1 1 0 0 0 0 1 1 0 0  ---- 99.727 <= 100 : 217.903 >= 217.903
0 0 0 1 1 0 0 1 0 0  ---- 97.402 <= 100 : 190.85 >= 190.849
0 0 1 0 0 0 1 0 0 1  ---- 96.88 <= 100 : 194.661 >= 194.661
0 0 0 0 1 1 0 0 0 1  ---- 92.738 <= 100 : 184.232 >= 184.232
1 0 0 0 1 0 0 1 0 0  ---- 99.697 <= 100 : 185.363 >= 185.362
0 0 0 0 1 0 1 1 0 0  ---- 93.045 <= 100 : 179.297 >= 179.296
0 0 0 0 1 0 1 0 0 1  ---- 99.738 <= 100 : 202.07 >= 202.069
1 0 0 1 1 0 0 0 0 0  ---- 99.841 <= 100 : 172.104 >= 172.104
1 0 0 0 0 0 0 0 1 1  ---- 96.551 <= 100 : 187.686 >= 187.685
