Items selecionados   ----       Custo       :       Lucro
0 0 0 0 0 0 0 0 0 0 0 1 0 0 1 0 0 0 0 0  ---- 97.375 <= 100.000 : 221.277 >= 221.277
1 0 0 0 0 0 0 0 0 0 0 1 0 1 0 0 0 0 0 0  ---- 97.684 <= 100.000 : 199.918 >= 199.917
0 0 1 1 0 0 0 1 0 0 0 0 0 0 0 0 0 0 0 0  ---- 97.263 <= 100.000 : 203.602 >= 203.601
0 0 0 0 0 1 0 0 0 0 0 0 0 0 0 0 0 0 1 0  ---- 92.417 <= 100.000 : 188.871 >= 188.872
0 0 1 1 0 0 0 0 0 0 0 0 0 0 0 0 0 0 0 1  ---- 95.613 <= 100.000 : 216.354 >= 216.627
0 0 0 0 0 1 0 0 0 0 0 0 0 1 0 0 0 0 0 0  ---- 98.139 <= 100.000 : 211.191 >= 211.191
0 0 0 0 1 0 1 0 0 0 0 0 0 1 0 0 0 0 0 0  ---- 96.395 <= 100.000 : 207.981 >= 211.398
0 0 0 0 0 0 0 1 1 0 1 0 0 0 0 0 0 0 0 0  ---- 95.882 <= 100.000 : 203.768 >= 203.767
0 0 0 1 0 1 0 0 0 1 0 0 0 0 0 0 0 0 0 0  ---- 96.972 <= 100.000 : 198.257 >= 198.257
0 0 0 0 0 0 0 0 1 0 0 1 0 0 0 0 0 0 0 1  ---- 98.639 <= 100.000 : 193.504 >= 193.503
0 0 1 0 1 0 0 0 0 0 0 0 0 1 0 0 0 0 0 0  ---- 92.127 <= 100.000 : 187.220 >= 187.220
0 0 0 0 0 0 1 1 0 1 0 0 0 0 0 0 0 0 0 0  ---- 98.566 <= 100.000 : 203.796 >= 203.796
0 0 0 0 0 0 0 1 1 0 0 1 0 0 0 0 0 0 0 0  ---- 99.599 <= 100.000 : 215.616 >= 215.617
1 0 0 0 0 0 0 0 0 0 0 0 0 0 0 0 1 1 0 0  ---- 99.481 <= 100.000 : 211.565 >= 211.565
1 0 0 0 1 0 0 0 0 0 0 0 0 1 0 0 0 0 0 0  ---- 99.232 <= 100.000 : 198.365 >= 198.367
1 0 1 0 0 0 0 0 0 0 0 0 0 0 0 0 0 0 1 0  ---- 97.372 <= 100.000 : 214.348 >= 214.347
0 0 0 0 0 0 0 0 1 1 0 1 0 0 1 0 0 0 0 0  ---- 95.250 <= 100.000 : 205.573 >= 224.443
0 0 1 0 0 0 0 0 0 0 0 0 0 0 0 0 0 1 0 0  ---- 95.376 <= 100.000 : 202.033 >= 202.033
0 0 0 0 0 0 0 0 1 0 0 0 0 1 1 1 0 0 0 0  ---- 99.567 <= 100.000 : 221.009 >= 221.010
0 0 1 1 0 0 0 1 0 0 0 0 0 0 0 0 0 0 0 0  ---- 97.695 <= 100.000 : 210.890 >= 210.890
Numero de sol. ótimas encontradas = 13
Valor médio das sol. ótimas encontradas = 204.721
Numero de sol. não ótimas encontradas = 7
Valor médio das sol. não ótimas encontradas = 207.681
Numero de sol. invalidas = 0
