Items selecionados   ----       Custo       :       Lucro
0 0 1 0 0 1 0 0 0 0 0 0 0 0 0 0 0 0 0 0 0 0 0 0 0 0 0 1 0 0  ---- 99.958 <= 100.000 : 217.976 >= 217.975
0 0 0 0 0 0 0 0 1 0 0 0 0 0 0 0 0 0 1 0 1 0 0 0 0 0 0 0 0 0  ---- 95.495 <= 100.000 : 225.935 >= 228.742
0 0 0 0 0 0 0 0 0 0 0 0 0 1 0 1 0 0 1 0 0 0 0 0 0 0 0 0 0 0  ---- 96.623 <= 100.000 : 213.054 >= 213.053
1 0 0 0 0 0 0 0 0 0 0 1 0 0 0 0 0 0 0 1 0 0 0 0 0 0 0 0 0 0  ---- 97.423 <= 100.000 : 219.357 >= 219.357
0 0 0 0 0 0 0 0 0 0 1 0 0 0 0 0 0 0 0 0 0 1 0 0 0 0 0 1 0 0  ---- 98.594 <= 100.000 : 207.659 >= 207.659
0 0 0 0 0 0 0 1 0 0 0 1 0 0 0 0 0 0 1 0 0 0 0 0 0 0 0 0 0 0  ---- 99.268 <= 100.000 : 224.494 >= 226.708
0 0 0 0 0 1 0 0 0 0 1 0 0 0 1 0 0 0 0 0 0 0 0 0 0 0 0 0 0 0  ---- 96.591 <= 100.000 : 208.769 >= 208.770
0 0 0 0 1 0 0 0 0 0 0 0 0 0 0 0 0 0 0 0 0 0 0 0 0 0 0 0 1 1  ---- 98.842 <= 100.000 : 222.291 >= 225.703
0 0 0 0 1 0 0 0 0 0 0 0 0 0 0 0 0 0 0 1 0 0 0 0 0 1 0 0 0 1  ---- 99.956 <= 100.000 : 206.242 >= 206.243
0 0 1 1 0 0 0 0 0 0 0 0 0 0 0 0 0 0 0 0 0 0 1 0 0 0 0 0 0 0  ---- 99.694 <= 100.000 : 210.347 >= 210.346
0 0 0 0 0 0 0 0 0 0 0 1 0 0 0 0 0 0 0 1 0 0 1 0 0 0 0 0 0 0  ---- 95.729 <= 100.000 : 218.679 >= 218.679
0 0 0 0 0 0 0 0 0 0 0 0 1 0 0 0 0 0 0 0 0 1 0 0 0 0 0 1 0 0  ---- 97.090 <= 100.000 : 210.235 >= 210.234
0 0 0 0 0 1 0 0 0 0 0 0 0 0 0 0 0 0 0 0 0 0 1 0 0 0 1 0 0 0  ---- 99.510 <= 100.000 : 222.268 >= 222.268
0 0 0 0 0 0 0 0 0 1 0 0 0 0 0 1 0 0 0 1 0 0 0 0 0 0 0 0 0 0  ---- 99.530 <= 100.000 : 219.508 >= 219.508
0 0 0 0 0 0 0 1 0 0 0 0 0 1 0 0 0 0 0 0 0 0 0 0 0 0 0 0 1 0  ---- 96.075 <= 100.000 : 201.599 >= 208.248
0 0 0 0 0 0 1 0 0 0 0 1 0 0 0 0 0 0 0 0 0 0 0 0 1 0 0 0 0 0  ---- 92.022 <= 100.000 : 219.754 >= 219.754
0 0 0 0 0 0 0 0 0 0 0 1 0 0 0 0 0 0 0 0 1 0 1 0 0 0 0 0 0 0  ---- 98.707 <= 100.000 : 216.440 >= 216.441
0 0 0 0 0 0 0 0 0 0 0 0 0 0 0 0 0 0 0 0 1 0 0 0 0 0 0 1 0 0  ---- 92.006 <= 100.000 : 212.202 >= 212.359
0 0 1 0 0 0 0 1 0 0 1 0 0 0 0 0 0 0 0 0 0 0 0 0 0 0 0 0 0 0  ---- 99.416 <= 100.000 : 208.537 >= 208.537
0 0 0 1 0 0 0 0 1 0 0 0 0 0 0 0 0 1 0 0 0 1 0 0 0 0 0 0 0 0  ---- 99.678 <= 100.000 : 205.571 >= 205.570
Numero de sol. ótimas encontradas = 11
Valor médio das sol. ótimas encontradas = 214.946
Numero de sol. não ótimas encontradas = 9
Valor médio das sol. não ótimas encontradas = 214.057
Numero de sol. invalidas = 0
