117 5226
1 866
183 646
163 12
543 728
451 334
838 717
31 199
995 722
126 174
808 915
897 446
745 872
72 642
999 114
681 592
98 465
688 247
899 562
274 695
862 196
752 869
239 961
881 646
644 863
743 979
92 70
254 336
242 245
549 476
875 102
108 809
480 134
281 475
812 727
475 252
890 27
125 474
408 37
949 798
651 743
198 551
908 322
364 361
86 123
929 919
39 989
783 632
62 302
630 911
327 253
905 183
829 97
20 462
677 998
352 361
627 390
455 331
290 67
398 285
54 939
799 689
846 660
646 726
505 186
961 979
329 424
318 809
227 168
305 606
425 820
853 365
245 143
639 765
976 370
738 22
13 527
880 759
162 443
423 333
791 318
335 941
576 526
939 254
891 915
342 455
170 374
447 570
605 947
720 446
592 245
583 105
994 601
631 323
746 70
79 255
966 959
53 32
736 139
805 613
997 77
588 380
315 549
795 363
90 832
727 34
793 435
460 773
706 211
566 463
244 736
680 363
258 619
845 253
256 775
556 934
257 284
950 383
