78 2501
1 674
885 981
150 42
189 556
253 45
372 239
609 718
162 242
146 438
908 540
689 69
298 464
776 55
433 838
244 59
525 737
647 647
878 513
430 978
730 80
121 625
43 856
693 224
314 727
716 284
385 744
368 32
572 677
840 202
768 444
912 575
199 370
380 295
232 72
411 439
144 134
260 814
651 734
995 255
473 894
55 624
536 684
883 399
195 662
413 927
229 636
508 897
392 373
793 434
42 174
710 671
86 302
764 827
920 458
77 922
516 382
457 617
303 593
6 413
378 802
312 104
833 304
421 220
932 690
54 322
464 217
94 801
539 235
555 960
806 720
496 610
624 459
839 203
518 656
699 721
860 589
721 772
638 143
