285 100 3
100 51.0954 66.5004
99 155.261 71.7503
98 181.828 48.3677
97 111.96 92.3089
96 103.631 44.5844
95 69.4006 106.498
94 80.7424 157.877
93 197.273 170.841
92 12.5741 54.3066
91 116.976 198.002
90 71.801 18.4576
89 73.661 149.246
88 55.6947 151.936
87 91.1064 144.244
86 70.3052 160.48
85 78.0033 159.42
84 121.326 57.9209
83 123.147 105.629
82 23.922 34.0189
81 57.6888 129.482
80 187.77 108.283
79 44.8489 70.3892
78 63.6593 15.7181
77 135.358 124.318
76 144.37 57.2403
75 88.8893 59.434
74 44.462 83.4057
73 80.6971 138.905
72 100.012 173.127
71 95.8495 20.0251
70 48.2494 99.0689
69 152.383 0.906758
68 196.119 140.208
67 115.453 107.816
66 52.8786 83.1953
65 177.396 86.1046
64 181.236 143.244
63 28.352 50.7633
62 69.9348 199.614
61 57.7394 141.028
60 13.0885 169.646
59 171.979 126.101
58 22.4094 199.855
57 36.2502 41.7497
56 131.553 15.8587
55 129.946 163.023
54 70.2447 199.673
53 113.484 196.103
52 192.239 130.074
51 39.2272 108.902
50 197.387 77.7714
49 186.806 118.668
48 165.447 62.6693
47 182.79 65.8365
46 48.4008 97.8992
45 180.647 73.6851
44 189.05 128.749
43 67.6272 116.988
42 45.8683 160.352
41 53.48 190.619
40 16.3683 113.945
39 39.0668 118.646
38 131.702 187.577
37 102.449 110.439
36 121.42 75.1241
35 151.986 134.124
34 56.1736 140.933
33 40.6597 17.7152
32 113.955 101.913
31 108.037 129.556
30 187.866 51.8121
29 94.9984 54.4982
28 75.4732 112.967
27 175.205 139.352
26 135.927 30.195
25 63.963 196.465
24 154.962 162.653
23 132.007 140.509
22 62.9154 87.3569
21 85.316 100.188
20 59.3867 129.338
19 23.3512 150.185
18 22.1915 176.819
17 192.492 2.41076
16 138.999 45.7205
15 78.5793 179.865
14 178.216 118.775
13 186.533 68.0653
12 1.31558 114.66
11 124.412 42.1786
10 161.3 28.0946
9 116.93 43.3176
8 190.171 30.712
7 26.5108 12.8333
6 70.2418 114.669
5 150.099 73.2547
4 37.5179 198.087
3 113.098 0.353382
2 166.963 67.1972
1 8.32607 90.8985
100 22 13.7053 23.973 3.89769
99 76 14.8152 18.1427 2.99651
99 5 8.93468 5.37635 0.719056
98 8 6.24565 19.5275 0.169507
98 30 14.8866 6.95092 0.626705
97 83 11.1592 17.3947 4.71133
97 75 9.59107 40.1625 4.67258
97 21 11.1596 27.7847 4.00238
95 70 18.5262 22.4179 2.76777
95 46 15.9421 22.692 2.15956
94 87 7.16192 17.1255 3.24782
94 89 17.8389 11.1642 4.76606
94 85 13.3348 3.14385 1.44048
93 50 10.3068 93.0694 0.0978385
93 24 11.1695 43.0961 0.249503
93 64 17.4177 31.9184 0.432115
92 7 17.0834 43.7523 0.477322
92 82 8.81321 23.2458 2.20883
92 63 1.22381 16.1709 2.93925
91 93 13.5893 84.7669 3.07778
91 38 7.93849 18.0431 1.91266
90 71 0.19226 24.0995 1.40608
90 3 0.345911 45.091 4.04644
90 29 3.41517 42.8608 4.86285
90 100 5.83 52.3147 4.10082
90 78 7.61279 8.5902 1.72546
90 57 10.7327 42.5016 2.25684
89 73 3.72023 12.508 2.56564
89 86 18.3609 11.7247 4.83099
89 61 10.8064 17.9173 1.74063
89 88 19.6829 18.1667 4.04742
88 34 17.7705 11.014 4.41669
87 73 1.09678 11.6986 2.69046
87 89 12.2573 18.1484 4.73756
86 88 19.0493 16.9253 3.50977
86 42 9.60776 24.4372 1.78205
85 89 3.03301 11.062 2.84266
85 86 0.152845 7.77073 4.46244
84 11 12.8522 16.042 0.110511
84 36 6.71527 17.2034 2.84311
84 29 14.6169 26.5488 3.33295
84 96 1.90469 22.1575 2.1174
83 32 14.5817 9.91473 2.17388
83 67 5.61501 7.99892 0.795524
83 77 7.91149 22.3247 0.0123613
82 57 13.7877 14.5516 0.420492
82 7 18.239 21.3432 1.23975
81 20 9.54715 1.70401 0.24732
81 43 16.3176 15.9648 2.17857
80 52 14.6068 22.2448 3.96874
80 65 5.30807 24.4847 4.34995
80 14 2.55878 14.1895 2.43461
79 100 4.7297 7.35812 2.07327
79 1 4.2924 41.8873 1.84752
79 63 3.6215 25.6383 2.7463
79 92 0.129337 36.0599 2.59302
78 3 10.0816 51.7711 4.44632
78 33 11.9344 23.0862 3.41477
78 57 3.47668 37.8009 1.4256
77 31 12.8862 27.819 1.324
77 67 6.9456 25.8562 2.49989
76 84 12.0076 23.0543 1.45505
76 36 1.37942 29.0952 4.49026
76 5 17.0142 17.0086 1.07741
75 22 13.1818 38.1357 3.65916
75 90 12.4014 44.3968 3.44653
75 100 2.43594 38.4488 1.2573
74 79 2.63965 13.0223 3.93523
73 28 16.589 26.4584 2.78165
73 61 13.3556 23.0557 1.51283
73 20 8.68387 23.3591 2.64448
72 55 9.76904 31.5936 2.72589
72 87 15.0927 30.2248 1.61316
72 94 2.51839 24.5738 4.74218
71 3 12.5476 26.1626 1.43888
71 96 0.288643 25.7626 4.12486
70 46 0.211994 1.17946 1.52608
70 51 8.08042 13.3451 3.94792
70 43 2.12221 26.3933 3.67182
69 17 14.0831 40.1367 4.80425
68 50 16.3796 62.4498 1.8345
68 64 19.3011 15.1899 3.61714
68 93 8.13625 30.6541 1.47291
67 31 17.5055 22.9699 4.88259
67 32 17.1447 6.09012 3.27064
67 37 1.73331 13.2653 3.74847
66 74 1.21073 8.41919 0.457284
66 46 13.2323 15.3706 1.89595
66 22 13.3725 10.8654 0.528307
66 100 3.06451 16.7899 0.515324
66 79 2.42882 15.1153 1.91138
65 45 1.96424 12.8381 3.26209
65 99 8.26063 26.3816 4.13193
65 5 4.73151 30.1696 4.20745
65 77 0.248544 56.8104 1.78636
64 52 8.48134 17.161 0.742149
64 44 19.3235 16.4672 0.273018
63 100 4.32875 27.6572 0.701637
63 57 12.4359 11.9844 4.78211
63 82 7.24041 17.3205 1.71717
62 15 18.454 21.5587 2.67136
62 25 14.3187 6.7512 3.79139
62 4 12.9655 32.4529 2.61104
61 20 6.00046 11.8054 4.19217
61 88 17.7542 11.0983 2.96445
61 81 13.666 11.5459 0.0657907
61 34 0.729678 1.56867 0.867214
60 58 9.88939 31.6147 0.315901
60 18 11.0321 11.5896 0.605984
60 19 10.7553 22.0016 0.669383
60 12 19.4176 56.2325 3.79494
59 77 12.8754 36.6637 1.86199
59 35 8.69486 21.5425 4.7633
58 54 8.31615 47.8357 0.197731
58 4 6.0699 15.2117 0.650185
57 33 8.78217 24.4356 0.555455
57 100 17.2264 28.8613 4.2436
56 69 4.06644 25.641 2.18744
56 11 9.58273 27.2715 1.27883
56 26 19.7883 14.9885 1.3485
56 3 13.5176 24.1041 2.04997
56 71 14.3992 35.9459 3.14474
55 23 19.8326 22.6077 1.99779
55 31 6.77619 40.0008 2.75018
55 87 9.02523 43.1417 3.77092
54 91 12.676 46.7607 2.82337
54 53 3.10975 43.3861 0.858077
54 15 12.9479 21.49 0.0971236
54 62 9.06894 0.315341 3.64081
54 4 8.55307 32.7652 2.51037
53 91 10.1936 3.97482 3.89338
53 72 19.7995 26.6344 0.215648
53 15 8.53043 38.4968 3.77373
52 68 0.254972 10.8517 0.407374
52 50 9.67486 52.5557 1.01337
51 74 2.84753 26.0283 4.27049
51 40 6.80259 23.4085 0.769445
50 17 7.8241 75.5194 3.80549
50 80 1.02005 31.9914 1.78786
50 8 3.42655 47.6094 4.72137
50 30 12.0429 27.6503 4.61792
50 65 2.11152 21.6586 1.64344
50 45 19.3972 17.2313 2.48611
49 52 2.42768 12.6336 2.21576
49 80 17.6172 10.4299 2.58725
49 14 1.63935 8.5908 3.21134
49 44 17.4237 10.3273 1.38491
48 98 12.0231 21.7458 3.93471
48 10 12.0779 34.8225 0.570378
48 76 17.4521 21.765 4.21677
48 99 17.7677 13.6461 4.53996
48 2 12.2233 4.77514 1.37837
47 30 8.10114 14.9147 1.18684
47 2 4.68798 15.8846 0.165065
47 98 14.9288 17.4952 3.92664
47 48 10.5394 17.6297 2.82878
46 74 5.51562 15.0191 1.78857
46 51 8.84032 14.3255 4.02234
45 47 4.54381 8.13586 4.0998
44 52 15.0723 3.45298 3.7597
44 27 18.8883 17.4384 1.4025
44 59 14.5403 17.2757 0.427662
44 14 14.2069 14.7262 2.29627
43 95 4.02899 10.6393 2.27687
43 20 1.08747 14.8469 3.55773
43 73 15.1833 25.5176 2.29981
43 39 1.06359 28.6086 0.209695
43 51 7.96381 29.5288 1.26649
42 88 0.82723 12.9375 1.89135
42 34 2.83244 21.9842 2.54456
42 19 8.33319 24.7063 3.50415
42 18 14.9712 28.8403 4.30619
41 25 4.40396 12.0029 2.40456
41 86 9.57177 34.5175 3.70983
41 42 15.432 31.2097 2.50108
41 18 3.60479 34.1967 3.54948
39 81 9.6673 21.5453 0.249352
39 51 13.845 9.74559 1.85903
39 40 14.5165 23.1802 4.37357
39 19 3.47595 35.2368 4.73346
38 93 3.72521 67.6731 4.96643
38 24 18.3038 34.091 2.63703
38 53 0.032803 20.1147 3.61274
38 55 19.2827 24.6168 2.17915
38 72 4.96489 34.8291 1.16586
37 97 9.30328 20.4729 2.48849
37 73 7.25588 35.8256 3.4927
37 21 10.4491 19.9655 0.155016
37 28 4.67826 27.0944 1.74487
36 83 2.41929 30.554 1.2548
36 97 0.818609 19.6165 1.75391
36 75 15.6024 36.1167 1.25596
35 77 3.91254 19.3036 2.87078
35 23 3.22795 20.9742 3.92401
35 24 14.8779 28.6841 3.74914
34 81 8.79524 11.5503 2.51424
34 39 7.12402 28.0951 4.12226
34 19 8.07321 34.1014 4.13692
33 7 2.83319 14.9674 0.851821
33 82 12.6754 23.3658 0.80294
32 97 5.79441 9.80912 3.37812
32 37 15.6636 14.3202 0.16299
31 23 6.40695 26.3543 1.01348
31 87 12.738 22.4136 0.718748
31 37 2.37699 19.9171 4.27078
31 73 17.0768 28.8939 0.451398
30 8 1.41816 21.2256 1.97534
29 96 16.3396 13.1457 0.538262
29 71 7.77105 34.4836 4.27994
29 75 19.1137 7.85388 0.535291
29 36 0.721611 33.5189 0.788207
28 21 0.333965 16.1301 0.0301232
28 95 13.9808 8.87284 3.83232
28 43 13.9333 8.81641 1.02145
27 64 13.5578 7.17732 0.975815
27 59 11.9877 13.638 2.87533
27 35 17.6966 23.8008 1.09451
26 11 16.5101 16.6192 2.63297
26 16 14.9512 15.8266 0.888416
25 15 9.26006 22.1183 1.19888
24 64 10.2431 32.6657 3.49841
24 27 10.6981 30.8669 3.78898
24 55 8.81487 25.0181 3.53674
24 23 8.58282 31.8949 0.248187
23 77 14.6719 16.534 0.422746
22 95 14.5448 20.2097 4.00369
22 46 14.0642 17.9392 4.47077
21 75 10.9513 40.9106 2.5672
21 22 1.73207 25.8153 1.869
21 95 15.9894 17.1205 2.46553
19 40 4.3107 36.9061 0.0735672
19 12 0.438058 41.8041 3.10981
18 4 13.0355 26.2146 0.416537
18 19 1.19244 26.66 0.518117
18 58 8.60326 23.0371 3.97704
16 76 13.1676 12.7103 4.6122
16 84 1.93864 21.4754 3.219
16 11 19.4798 15.0109 4.40602
15 72 13.2024 22.467 4.1751
15 94 19.34 22.0937 1.20097
15 85 10.4976 20.4526 2.31323
15 86 1.25219 21.0764 0.571215
15 41 12.5181 27.3064 2.80864
14 59 6.06791 9.6221 2.65231
14 65 14.3071 32.6802 0.0515413
14 77 8.19451 43.215 4.99032
13 30 1.11093 16.3078 4.52781
13 47 14.5927 4.35646 1.93734
13 45 6.11836 8.13785 2.0399
13 50 8.73559 14.5608 0.527888
12 40 18.0514 15.0697 2.79865
12 92 11.8691 61.3943 4.68951
10 8 13.837 28.9888 2.56678
10 17 15.9467 40.4051 2.04787
10 98 9.952 28.8511 1.51459
10 76 3.56159 33.7062 1.01247
10 16 18.8341 28.4259 2.14143
10 26 19.9301 25.4606 3.0729
10 69 9.62904 28.6128 1.79759
10 56 3.16866 32.1655 2.60995
9 11 16.46 7.56809 3.42525
9 56 12.2364 31.11 0.110485
9 71 13.6245 31.4153 0.92926
9 96 0.294057 13.3588 1.56427
9 84 2.23508 15.2505 0.536303
8 17 15.9656 28.3963 1.37531
7 3 3.70894 87.4818 1.93953
7 78 0.00838984 37.2603 1.21575
6 95 14.3941 8.2144 2.43454
6 43 1.94118 3.49499 0.528494
6 28 15.0083 5.50126 3.49824
5 77 14.7961 53.1487 4.50277
5 83 16.2979 42.1253 3.85399
5 36 8.71244 28.7404 3.22763
4 25 6.54143 26.4948 0.404713
4 41 0.758118 17.6224 0.810557
3 69 0.679299 39.2894 2.03839
2 45 12.1284 15.1438 4.73538
2 65 18.7247 21.5945 0.150864
2 99 0.542197 12.557 3.84661
1 74 1.77451 36.9046 4.35786
1 51 8.83835 35.7632 0.569759
1 40 6.79376 24.4094 0.745377
1 92 6.89678 36.8377 0.311505
1 12 11.0968 24.7738 0.736861
84 37 34.7232 301.919
64 15 30.1064 292.943
81 25 22.5456 301.441
