61 25 1
25 63.963 196.465
24 154.962 162.653
23 132.007 140.509
22 62.9154 87.3569
21 85.316 100.188
20 59.3867 129.338
19 23.3512 150.185
18 22.1915 176.819
17 192.492 2.41076
16 138.999 45.7205
15 78.5793 179.865
14 178.216 118.775
13 186.533 68.0653
12 1.31558 114.66
11 124.412 42.1786
10 161.3 28.0946
9 116.93 43.3176
8 190.171 30.712
7 26.5108 12.8333
6 70.2418 114.669
5 150.099 73.2547
4 37.5179 198.087
3 113.098 0.353382
2 166.963 67.1972
1 8.32607 90.8985
25 24 3.0195 97.0775 3.39816
25 15 13.9352 22.1183 4.38014
24 14 11.2967 49.66 1.88683
24 23 5.44982 31.8949 2.37496
24 15 5.18121 78.2977 4.69664
23 5 12.9556 69.6454 2.70092
23 21 10.1913 61.6915 2.84888
23 6 1.77152 66.9527 1.01649
23 20 14.0933 73.4746 1.40434
22 21 13.4124 25.8153 3.79965
22 6 7.51241 28.2777 3.0355
22 7 11.0439 82.9401 2.56123
22 1 18.7577 54.7041 3.29255
20 6 11.8646 18.2489 0.976669
20 22 11.3945 42.1295 0.409208
19 20 19.0619 41.6308 1.337
18 25 16.0352 46.1609 1.14671
18 19 11.6988 26.66 1.69068
18 12 12.8749 65.5715 4.72625
16 10 7.36851 28.4259 4.51618
16 5 9.78992 29.6876 1.21002
15 23 6.58365 66.358 4.56974
15 18 6.26693 56.47 4.13617
15 20 11.8668 54.0487 4.67016
15 19 7.77714 62.6981 4.93467
14 13 10.8902 51.3867 0.980679
14 23 13.0074 51.0653 4.80596
14 2 19.6103 52.7905 2.83709
14 5 19.9673 53.5033 1.75612
13 8 16.3023 37.53 3.24866
12 7 1.58587 104.897 3.28883
12 19 4.17497 41.8041 0.906254
12 20 19.9855 59.8976 0.560234
12 1 12.6101 24.7738 4.29946
11 10 16.9646 39.4858 0.327213
11 5 14.1028 40.3185 1.44349
11 16 19.9614 15.0109 1.74837
10 17 5.07633 40.4051 0.708801
10 8 14.3244 28.9888 4.53089
9 11 8.61046 7.56809 4.43489
9 21 8.31953 65.0669 1.32197
9 22 10.7816 69.6923 2.88632
9 3 14.0208 43.1348 4.90298
9 7 0.0906758 95.4196 3.80958
8 17 9.90689 28.3963 1.20623
7 3 2.00251 87.4818 2.39624
6 21 17.3127 20.9027 2.5003
5 2 13.8905 17.9189 2.01743
5 21 8.34057 70.1592 1.11155
5 9 5.9434 44.6816 2.22223
4 25 5.72403 26.4948 3.60925
4 18 12.4318 26.2146 3.38396
3 17 1.57181 79.4206 1.59148
3 10 7.03892 55.6152 1.12122
3 11 10.8283 43.3284 4.69424
2 13 12.9482 19.5886 1.44222
2 8 3.40189 43.2406 0.59805
2 10 10.5629 39.5106 3.07868
2 16 5.79209 35.26 3.03314
1 7 15.942 80.1552 1.95008
1 20 16.048 63.9125 1.75763
11 18 28.1997 66.5695
