137 50 3
50 197.387 77.7714
49 186.806 118.668
48 165.447 62.6693
47 182.79 65.8365
46 48.4008 97.8992
45 180.647 73.6851
44 189.05 128.749
43 67.6272 116.988
42 45.8683 160.352
41 53.48 190.619
40 16.3683 113.945
39 39.0668 118.646
38 131.702 187.577
37 102.449 110.439
36 121.42 75.1241
35 151.986 134.124
34 56.1736 140.933
33 40.6597 17.7152
32 113.955 101.913
31 108.037 129.556
30 187.866 51.8121
29 94.9984 54.4982
28 75.4732 112.967
27 175.205 139.352
26 135.927 30.195
25 63.963 196.465
24 154.962 162.653
23 132.007 140.509
22 62.9154 87.3569
21 85.316 100.188
20 59.3867 129.338
19 23.3512 150.185
18 22.1915 176.819
17 192.492 2.41076
16 138.999 45.7205
15 78.5793 179.865
14 178.216 118.775
13 186.533 68.0653
12 1.31558 114.66
11 124.412 42.1786
10 161.3 28.0946
9 116.93 43.3176
8 190.171 30.712
7 26.5108 12.8333
6 70.2418 114.669
5 150.099 73.2547
4 37.5179 198.087
3 113.098 0.353382
2 166.963 67.1972
1 8.32607 90.8985
50 17 10.8902 75.5194 0.980679
50 8 13.0074 47.6094 4.80596
50 30 19.6103 27.6503 2.83709
50 13 19.9673 14.5608 1.75612
50 45 16.3023 17.2313 3.24866
49 50 1.58587 42.2434 3.28883
49 45 4.17497 45.4028 0.906254
49 14 19.9855 8.5908 0.560234
48 47 12.6101 17.6297 4.29946
48 30 16.9646 24.9094 0.327213
48 2 14.1028 4.77514 1.44349
48 10 19.9614 34.8225 1.74837
48 16 5.07633 31.4127 0.708801
48 5 14.3244 18.6439 4.53089
47 30 8.61046 14.9147 4.43489
46 22 8.31953 17.9392 1.32197
46 1 10.7816 40.6816 2.88632
46 40 14.0208 35.8267 4.90298
45 47 0.0906758 8.13586 3.80958
45 5 9.90689 30.5507 1.20623
44 50 2.00251 51.6546 2.39624
44 49 17.3127 10.3273 2.5003
44 14 13.8905 14.7262 2.01743
43 28 8.34057 8.81641 1.11155
43 6 5.9434 3.49499 2.22223
43 46 5.72403 27.0934 3.60925
43 39 12.4318 28.6086 3.38396
42 34 1.57181 21.9842 1.59148
41 25 7.03892 12.0029 1.12122
41 15 10.8283 27.3064 4.69424
41 42 12.9482 31.2097 1.44222
41 18 3.40189 34.1967 0.59805
40 39 10.5629 23.1802 3.07868
40 19 5.79209 36.9061 3.03314
39 20 15.942 22.9612 1.95008
39 46 16.048 22.7502 1.75763
38 44 14.4244 82.1555 2.27766
38 24 15.1936 34.091 1.39237
38 23 14.9246 47.0687 1.84153
37 21 1.84576 19.9655 1.79502
37 28 19.8002 27.0944 2.92439
37 31 5.43066 19.9171 0.314351
36 11 17.0841 33.0811 4.93183
36 9 15.7877 32.1218 2.01856
36 29 10.6498 33.5189 1.73502
36 21 4.45844 43.9511 2.59078
35 27 9.23089 23.8008 2.799
35 23 4.83677 20.9742 4.5457
35 32 7.17503 49.8386 3.88153
34 20 6.65004 12.0315 1.27739
34 39 13.7053 28.0951 3.89769
34 19 14.8152 34.1014 2.99651
33 3 8.93468 74.4898 0.719056
33 29 6.24565 65.6177 0.169507
33 7 14.8866 14.9674 0.626705
33 1 11.1592 80.0078 4.71133
32 23 9.59107 42.6091 4.67258
32 36 11.1596 27.8096 4.00238
32 21 18.5262 28.691 2.76777
32 37 15.9421 14.3202 2.15956
31 23 7.16192 26.3543 3.24782
31 32 17.8389 28.2693 4.76606
31 34 13.3348 53.0964 1.44048
31 20 10.3068 48.6506 0.0978385
30 8 11.1695 21.2256 0.249503
29 3 17.4177 57.0898 0.432115
28 21 17.0834 16.1301 0.477322
28 31 8.81321 36.5456 2.20883
28 20 1.22381 22.952 2.93925
27 44 13.5893 17.4384 3.07778
27 14 7.93849 20.7963 1.91266
26 10 0.19226 25.4606 1.40608
25 38 0.345911 68.3198 4.04644
25 15 3.41517 22.1183 4.86285
24 44 5.83 48.0783 4.10082
24 27 7.61279 30.8669 1.72546
24 35 10.7327 28.6841 2.25684
24 23 3.72023 31.8949 2.56564
22 21 18.3609 25.8153 4.83099
22 28 10.8064 28.5233 1.74063
22 29 19.6829 45.924 4.04742
22 33 17.7705 73.1114 4.41669
22 1 1.09678 54.7041 2.69046
21 29 12.2573 46.7047 4.73756
20 43 19.0493 14.8469 3.50977
19 42 9.60776 24.7063 1.78205
19 39 3.03301 35.2368 2.84266
18 42 0.152845 28.8403 4.46244
18 19 12.8522 26.66 0.110511
18 12 6.71527 65.5715 2.84311
16 10 14.6169 28.4259 3.33295
16 5 1.90469 29.6876 2.1174
16 36 14.5817 34.2577 2.17388
16 26 5.61501 15.8266 0.795524
16 11 7.91149 15.0109 0.0123613
15 38 13.7877 53.6798 0.420492
15 23 18.239 66.358 1.23975
15 31 9.54715 58.2985 0.24732
15 34 16.3176 44.9188 2.17857
15 42 14.6068 38.0887 3.96874
14 45 5.30807 45.1549 4.34995
14 5 2.55878 53.5033 2.43461
14 35 4.7297 30.3914 2.07327
13 30 4.2924 16.3078 1.84752
13 47 3.6215 4.35646 2.7463
13 45 0.129337 8.13785 2.59302
12 7 10.0816 104.897 4.44632
12 19 11.9344 41.8041 3.41477
12 40 3.47668 15.0697 1.4256
12 1 12.8862 24.7738 1.324
11 26 6.9456 16.6192 2.49989
10 8 12.0076 28.9888 1.45505
10 17 1.37942 40.4051 4.49026
10 30 17.0142 35.6123 1.07741
9 11 13.1818 7.56809 3.65916
9 26 12.4014 23.0885 3.44653
9 3 2.43594 43.1348 1.2573
9 29 2.63965 24.6169 3.93523
8 17 16.589 28.3963 2.78165
7 3 13.3556 87.4818 1.51283
6 22 8.68387 28.2777 2.64448
6 46 9.76904 27.5365 2.72589
6 28 15.0927 5.50126 1.61316
5 35 2.51839 60.8985 4.74218
5 36 12.5476 28.7404 1.43888
5 32 0.288643 46.1272 4.12486
4 25 0.211994 26.4948 1.52608
4 41 8.08042 17.6224 3.94792
4 18 2.12221 26.2146 3.67182
3 17 14.0831 79.4206 4.80425
3 10 16.3796 55.6152 1.8345
3 26 19.3011 37.5722 3.61714
2 47 8.13625 15.8846 1.47291
2 45 17.5055 15.1438 4.88259
2 5 17.1447 17.9189 3.27064
1 7 1.73331 80.1552 3.74847
1 40 1.21073 24.4094 0.457284
19 33 19.2922 139.113
8 19 18.7658 139.429
41 21 14.8462 153.83
