285 100 3
100 25.5477 33.2502
99 77.6305 35.8752
98 90.914 24.1839
97 55.98 46.1545
96 51.8156 22.2922
95 34.7003 53.2489
94 40.3712 78.9385
93 98.6365 85.4204
92 6.28703 27.1533
91 58.4878 99.001
90 35.9005 9.22879
89 36.8305 74.623
88 27.8473 75.9682
87 45.5532 72.1218
86 35.1526 80.2401
85 39.0017 79.7101
84 60.6628 28.9605
83 61.5735 52.8146
82 11.961 17.0094
81 28.8444 64.7412
80 93.8849 54.1415
79 22.4244 35.1946
78 31.8297 7.85905
77 67.6791 62.1591
76 72.1849 28.6201
75 44.4447 29.717
74 22.231 41.7029
73 40.3485 69.4523
72 50.006 86.5633
71 47.9247 10.0126
70 24.1247 49.5344
69 76.1917 0.453379
68 98.0596 70.1042
67 57.7264 53.9081
66 26.4393 41.5976
65 88.6978 43.0523
64 90.6179 71.6219
63 14.176 25.3816
62 34.9674 99.8072
61 28.8697 70.5141
60 6.54426 84.823
59 85.9893 63.0505
58 11.2047 99.9277
57 18.1251 20.8749
56 65.7765 7.92935
55 64.9732 81.5114
54 35.1224 99.8363
53 56.7419 98.0514
52 96.1193 65.0371
51 19.6136 54.4511
50 98.6934 38.8857
49 93.4031 59.3341
48 82.7234 31.3347
47 91.3949 32.9182
46 24.2004 48.9496
45 90.3235 36.8426
44 94.525 64.3744
43 33.8136 58.4941
42 22.9342 80.176
41 26.74 95.3097
40 8.18416 56.9725
39 19.5334 59.3232
38 65.8511 93.7884
37 51.2247 55.2193
36 60.7099 37.562
35 75.9929 67.062
34 28.0868 70.4665
33 20.3298 8.85762
32 56.9775 50.9565
31 54.0184 64.778
30 93.9328 25.9061
29 47.4992 27.2491
28 37.7366 56.4835
27 87.6027 69.6759
26 67.9633 15.0975
25 31.9815 98.2327
24 77.4809 81.3267
23 66.0036 70.2546
22 31.4577 43.6784
21 42.658 50.0941
20 29.6934 64.6692
19 11.6756 75.0923
18 11.0957 88.4096
17 96.2459 1.20538
16 69.4994 22.8603
15 39.2896 89.9323
14 89.1081 59.3873
13 93.2664 34.0327
12 0.657788 57.3299
11 62.2059 21.0893
10 80.6502 14.0473
9 58.4649 21.6588
8 95.0854 15.356
7 13.2554 6.41665
6 35.1209 57.3345
5 75.0497 36.6274
4 18.759 99.0434
3 56.5489 0.176691
2 83.4817 33.5986
1 4.16303 45.4492
100 22 13.7053 11.9865 3.89769
99 76 14.8152 9.07135 2.99651
99 5 8.93468 2.68818 0.719056
98 8 6.24565 9.76375 0.169507
98 30 14.8866 3.47546 0.626705
97 83 11.1592 8.69737 4.71133
97 75 9.59107 20.0812 4.67258
97 21 11.1596 13.8924 4.00238
95 70 18.5262 11.209 2.76777
95 46 15.9421 11.346 2.15956
94 87 7.16192 8.56274 3.24782
94 89 17.8389 5.58211 4.76606
94 85 13.3348 1.57192 1.44048
93 50 10.3068 46.5347 0.0978385
93 24 11.1695 21.5481 0.249503
93 64 17.4177 15.9592 0.432115
92 7 17.0834 21.8762 0.477322
92 82 8.81321 11.6229 2.20883
92 63 1.22381 8.08547 2.93925
91 93 13.5893 42.3834 3.07778
91 38 7.93849 9.02157 1.91266
90 71 0.19226 12.0498 1.40608
90 3 0.345911 22.5455 4.04644
90 29 3.41517 21.4304 4.86285
90 100 5.83 26.1574 4.10082
90 78 7.61279 4.2951 1.72546
90 57 10.7327 21.2508 2.25684
89 73 3.72023 6.25402 2.56564
89 86 18.3609 5.86234 4.83099
89 61 10.8064 8.95867 1.74063
89 88 19.6829 9.08334 4.04742
88 34 17.7705 5.50699 4.41669
87 73 1.09678 5.84931 2.69046
87 89 12.2573 9.0742 4.73756
86 88 19.0493 8.46263 3.50977
86 42 9.60776 12.2186 1.78205
85 89 3.03301 5.531 2.84266
85 86 0.152845 3.88537 4.46244
84 11 12.8522 8.02101 0.110511
84 36 6.71527 8.6017 2.84311
84 29 14.6169 13.2744 3.33295
84 96 1.90469 11.0788 2.1174
83 32 14.5817 4.95736 2.17388
83 67 5.61501 3.99946 0.795524
83 77 7.91149 11.1624 0.0123613
82 57 13.7877 7.2758 0.420492
82 7 18.239 10.6716 1.23975
81 20 9.54715 0.852004 0.24732
81 43 16.3176 7.98242 2.17857
80 52 14.6068 11.1224 3.96874
80 65 5.30807 12.2423 4.34995
80 14 2.55878 7.09477 2.43461
79 100 4.7297 3.67906 2.07327
79 1 4.2924 20.9437 1.84752
79 63 3.6215 12.8192 2.7463
79 92 0.129337 18.0299 2.59302
78 3 10.0816 25.8855 4.44632
78 33 11.9344 11.5431 3.41477
78 57 3.47668 18.9004 1.4256
77 31 12.8862 13.9095 1.324
77 67 6.9456 12.9281 2.49989
76 84 12.0076 11.5271 1.45505
76 36 1.37942 14.5476 4.49026
76 5 17.0142 8.50428 1.07741
75 22 13.1818 19.0678 3.65916
75 90 12.4014 22.1984 3.44653
75 100 2.43594 19.2244 1.2573
74 79 2.63965 6.51114 3.93523
73 28 16.589 13.2292 2.78165
73 61 13.3556 11.5279 1.51283
73 20 8.68387 11.6795 2.64448
72 55 9.76904 15.7968 2.72589
72 87 15.0927 15.1124 1.61316
72 94 2.51839 12.2869 4.74218
71 3 12.5476 13.0813 1.43888
71 96 0.288643 12.8813 4.12486
70 46 0.211994 0.589731 1.52608
70 51 8.08042 6.67257 3.94792
70 43 2.12221 13.1967 3.67182
69 17 14.0831 20.0684 4.80425
68 50 16.3796 31.2249 1.8345
68 64 19.3011 7.59497 3.61714
68 93 8.13625 15.3271 1.47291
67 31 17.5055 11.4849 4.88259
67 32 17.1447 3.04506 3.27064
67 37 1.73331 6.63267 3.74847
66 74 1.21073 4.20959 0.457284
66 46 13.2323 7.68529 1.89595
66 22 13.3725 5.4327 0.528307
66 100 3.06451 8.39495 0.515324
66 79 2.42882 7.55766 1.91138
65 45 1.96424 6.41904 3.26209
65 99 8.26063 13.1908 4.13193
65 5 4.73151 15.0848 4.20745
65 77 0.248544 28.4052 1.78636
64 52 8.48134 8.58048 0.742149
64 44 19.3235 8.23362 0.273018
63 100 4.32875 13.8286 0.701637
63 57 12.4359 5.99218 4.78211
63 82 7.24041 8.66023 1.71717
62 15 18.454 10.7794 2.67136
62 25 14.3187 3.3756 3.79139
62 4 12.9655 16.2264 2.61104
61 20 6.00046 5.90268 4.19217
61 88 17.7542 5.54913 2.96445
61 81 13.666 5.77295 0.0657907
61 34 0.729678 0.784336 0.867214
60 58 9.88939 15.8073 0.315901
60 18 11.0321 5.79482 0.605984
60 19 10.7553 11.0008 0.669383
60 12 19.4176 28.1162 3.79494
59 77 12.8754 18.3318 1.86199
59 35 8.69486 10.7712 4.7633
58 54 8.31615 23.9179 0.197731
58 4 6.0699 7.60585 0.650185
57 33 8.78217 12.2178 0.555455
57 100 17.2264 14.4307 4.2436
56 69 4.06644 12.8205 2.18744
56 11 9.58273 13.6357 1.27883
56 26 19.7883 7.49425 1.3485
56 3 13.5176 12.0521 2.04997
56 71 14.3992 17.9729 3.14474
55 23 19.8326 11.3038 1.99779
55 31 6.77619 20.0004 2.75018
55 87 9.02523 21.5709 3.77092
54 91 12.676 23.3803 2.82337
54 53 3.10975 21.6931 0.858077
54 15 12.9479 10.745 0.0971236
54 62 9.06894 0.157671 3.64081
54 4 8.55307 16.3826 2.51037
53 91 10.1936 1.98741 3.89338
53 72 19.7995 13.3172 0.215648
53 15 8.53043 19.2484 3.77373
52 68 0.254972 5.42583 0.407374
52 50 9.67486 26.2778 1.01337
51 74 2.84753 13.0141 4.27049
51 40 6.80259 11.7042 0.769445
50 17 7.8241 37.7597 3.80549
50 80 1.02005 15.9957 1.78786
50 8 3.42655 23.8047 4.72137
50 30 12.0429 13.8251 4.61792
50 65 2.11152 10.8293 1.64344
50 45 19.3972 8.61567 2.48611
49 52 2.42768 6.31679 2.21576
49 80 17.6172 5.21494 2.58725
49 14 1.63935 4.2954 3.21134
49 44 17.4237 5.16363 1.38491
48 98 12.0231 10.8729 3.93471
48 10 12.0779 17.4112 0.570378
48 76 17.4521 10.8825 4.21677
48 99 17.7677 6.82305 4.53996
48 2 12.2233 2.38757 1.37837
47 30 8.10114 7.45734 1.18684
47 2 4.68798 7.94232 0.165065
47 98 14.9288 8.74761 3.92664
47 48 10.5394 8.81484 2.82878
46 74 5.51562 7.50956 1.78857
46 51 8.84032 7.16276 4.02234
45 47 4.54381 4.06793 4.0998
44 52 15.0723 1.72649 3.7597
44 27 18.8883 8.71918 1.4025
44 59 14.5403 8.63783 0.427662
44 14 14.2069 7.36311 2.29627
43 95 4.02899 5.31965 2.27687
43 20 1.08747 7.42345 3.55773
43 73 15.1833 12.7588 2.29981
43 39 1.06359 14.3043 0.209695
43 51 7.96381 14.7644 1.26649
42 88 0.82723 6.46877 1.89135
42 34 2.83244 10.9921 2.54456
42 19 8.33319 12.3531 3.50415
42 18 14.9712 14.4201 4.30619
41 25 4.40396 6.00147 2.40456
41 86 9.57177 17.2587 3.70983
41 42 15.432 15.6048 2.50108
41 18 3.60479 17.0983 3.54948
39 81 9.6673 10.7727 0.249352
39 51 13.845 4.87279 1.85903
39 40 14.5165 11.5901 4.37357
39 19 3.47595 17.6184 4.73346
38 93 3.72521 33.8365 4.96643
38 24 18.3038 17.0455 2.63703
38 53 0.032803 10.0574 3.61274
38 55 19.2827 12.3084 2.17915
38 72 4.96489 17.4146 1.16586
37 97 9.30328 10.2365 2.48849
37 73 7.25588 17.9128 3.4927
37 21 10.4491 9.98276 0.155016
37 28 4.67826 13.5472 1.74487
36 83 2.41929 15.277 1.2548
36 97 0.818609 9.80826 1.75391
36 75 15.6024 18.0584 1.25596
35 77 3.91254 9.6518 2.87078
35 23 3.22795 10.4871 3.92401
35 24 14.8779 14.342 3.74914
34 81 8.79524 5.77515 2.51424
34 39 7.12402 14.0475 4.12226
34 19 8.07321 17.0507 4.13692
33 7 2.83319 7.4837 0.851821
33 82 12.6754 11.6829 0.80294
32 97 5.79441 4.90456 3.37812
32 37 15.6636 7.16009 0.16299
31 23 6.40695 13.1772 1.01348
31 87 12.738 11.2068 0.718748
31 37 2.37699 9.95855 4.27078
31 73 17.0768 14.447 0.451398
30 8 1.41816 10.6128 1.97534
29 96 16.3396 6.57283 0.538262
29 71 7.77105 17.2418 4.27994
29 75 19.1137 3.92694 0.535291
29 36 0.721611 16.7595 0.788207
28 21 0.333965 8.06504 0.0301232
28 95 13.9808 4.43642 3.83232
28 43 13.9333 4.40821 1.02145
27 64 13.5578 3.58866 0.975815
27 59 11.9877 6.81898 2.87533
27 35 17.6966 11.9004 1.09451
26 11 16.5101 8.30959 2.63297
26 16 14.9512 7.91332 0.888416
25 15 9.26006 11.0591 1.19888
24 64 10.2431 16.3328 3.49841
24 27 10.6981 15.4335 3.78898
24 55 8.81487 12.509 3.53674
24 23 8.58282 15.9474 0.248187
23 77 14.6719 8.26702 0.422746
22 95 14.5448 10.1049 4.00369
22 46 14.0642 8.9696 4.47077
21 75 10.9513 20.4553 2.5672
21 22 1.73207 12.9076 1.869
21 95 15.9894 8.56023 2.46553
19 40 4.3107 18.4531 0.0735672
19 12 0.438058 20.902 3.10981
18 4 13.0355 13.1073 0.416537
18 19 1.19244 13.33 0.518117
18 58 8.60326 11.5186 3.97704
16 76 13.1676 6.35516 4.6122
16 84 1.93864 10.7377 3.219
16 11 19.4798 7.50547 4.40602
15 72 13.2024 11.2335 4.1751
15 94 19.34 11.0469 1.20097
15 85 10.4976 10.2263 2.31323
15 86 1.25219 10.5382 0.571215
15 41 12.5181 13.6532 2.80864
14 59 6.06791 4.81105 2.65231
14 65 14.3071 16.3401 0.0515413
14 77 8.19451 21.6075 4.99032
13 30 1.11093 8.15388 4.52781
13 47 14.5927 2.17823 1.93734
13 45 6.11836 4.06893 2.0399
13 50 8.73559 7.28042 0.527888
12 40 18.0514 7.53485 2.79865
12 92 11.8691 30.6971 4.68951
10 8 13.837 14.4944 2.56678
10 17 15.9467 20.2025 2.04787
10 98 9.952 14.4256 1.51459
10 76 3.56159 16.8531 1.01247
10 16 18.8341 14.2129 2.14143
10 26 19.9301 12.7303 3.0729
10 69 9.62904 14.3064 1.79759
10 56 3.16866 16.0827 2.60995
9 11 16.46 3.78404 3.42525
9 56 12.2364 15.555 0.110485
9 71 13.6245 15.7077 0.92926
9 96 0.294057 6.67942 1.56427
9 84 2.23508 7.62527 0.536303
8 17 15.9656 14.1981 1.37531
7 3 3.70894 43.7409 1.93953
7 78 0.00838984 18.6302 1.21575
6 95 14.3941 4.1072 2.43454
6 43 1.94118 1.7475 0.528494
6 28 15.0083 2.75063 3.49824
5 77 14.7961 26.5744 4.50277
5 83 16.2979 21.0626 3.85399
5 36 8.71244 14.3702 3.22763
4 25 6.54143 13.2474 0.404713
4 41 0.758118 8.81121 0.810557
3 69 0.679299 19.6447 2.03839
2 45 12.1284 7.5719 4.73538
2 65 18.7247 10.7972 0.150864
2 99 0.542197 6.27849 3.84661
1 74 1.77451 18.4523 4.35786
1 51 8.83835 17.8816 0.569759
1 40 6.79376 12.2047 0.745377
1 92 6.89678 18.4188 0.311505
1 12 11.0968 12.3869 0.736861
84 37 34.7232 301.919
64 15 30.1064 292.943
81 25 22.5456 301.441
