285 100 4
100 255.477 332.502
99 776.305 358.752
98 909.14 241.839
97 559.8 461.545
96 518.156 222.922
95 347.003 532.489
94 403.712 789.385
93 986.365 854.204
92 62.8703 271.533
91 584.878 990.01
90 359.005 92.2879
89 368.305 746.23
88 278.473 759.682
87 455.532 721.218
86 351.526 802.401
85 390.017 797.101
84 606.628 289.605
83 615.735 528.146
82 119.61 170.094
81 288.444 647.412
80 938.849 541.415
79 224.244 351.946
78 318.297 78.5905
77 676.791 621.591
76 721.849 286.201
75 444.447 297.17
74 222.31 417.029
73 403.485 694.523
72 500.06 865.633
71 479.247 100.126
70 241.247 495.344
69 761.917 4.53379
68 980.596 701.042
67 577.264 539.081
66 264.393 415.976
65 886.978 430.523
64 906.179 716.219
63 141.76 253.816
62 349.674 998.072
61 288.697 705.141
60 65.4426 848.23
59 859.893 630.505
58 112.047 999.277
57 181.251 208.749
56 657.765 79.2935
55 649.732 815.114
54 351.224 998.363
53 567.419 980.514
52 961.193 650.371
51 196.136 544.511
50 986.934 388.857
49 934.031 593.341
48 827.234 313.347
47 913.949 329.182
46 242.004 489.496
45 903.235 368.426
44 945.25 643.744
43 338.136 584.941
42 229.342 801.76
41 267.4 953.097
40 81.8416 569.725
39 195.334 593.232
38 658.511 937.884
37 512.247 552.193
36 607.099 375.62
35 759.929 670.62
34 280.868 704.665
33 203.298 88.5762
32 569.775 509.565
31 540.184 647.78
30 939.328 259.061
29 474.992 272.491
28 377.366 564.835
27 876.027 696.759
26 679.633 150.975
25 319.815 982.327
24 774.809 813.267
23 660.036 702.546
22 314.577 436.784
21 426.58 500.941
20 296.934 646.692
19 116.756 750.923
18 110.957 884.096
17 962.459 12.0538
16 694.994 228.603
15 392.896 899.323
14 891.081 593.873
13 932.664 340.327
12 6.57788 573.299
11 622.059 210.893
10 806.502 140.473
9 584.649 216.588
8 950.854 153.56
7 132.554 64.1665
6 351.209 573.345
5 750.497 366.274
4 187.59 990.434
3 565.489 1.76691
2 834.817 335.986
1 41.6303 454.492
100 22 13.7053 119.865 3.89769
99 76 14.8152 90.7135 2.99651
99 5 8.93468 26.8818 0.719056
98 8 6.24565 97.6375 0.169507
98 30 14.8866 34.7546 0.626705
97 83 11.1592 86.9737 4.71133
97 75 9.59107 200.812 4.67258
97 21 11.1596 138.924 4.00238
95 70 18.5262 112.09 2.76777
95 46 15.9421 113.46 2.15956
94 87 7.16192 85.6274 3.24782
94 89 17.8389 55.8211 4.76606
94 85 13.3348 15.7192 1.44048
93 50 10.3068 465.347 0.0978385
93 24 11.1695 215.481 0.249503
93 64 17.4177 159.592 0.432115
92 7 17.0834 218.762 0.477322
92 82 8.81321 116.229 2.20883
92 63 1.22381 80.8547 2.93925
91 93 13.5893 423.834 3.07778
91 38 7.93849 90.2157 1.91266
90 71 0.19226 120.498 1.40608
90 3 0.345911 225.455 4.04644
90 29 3.41517 214.304 4.86285
90 100 5.83 261.574 4.10082
90 78 7.61279 42.951 1.72546
90 57 10.7327 212.508 2.25684
89 73 3.72023 62.5402 2.56564
89 86 18.3609 58.6234 4.83099
89 61 10.8064 89.5867 1.74063
89 88 19.6829 90.8334 4.04742
88 34 17.7705 55.0699 4.41669
87 73 1.09678 58.4931 2.69046
87 89 12.2573 90.742 4.73756
86 88 19.0493 84.6263 3.50977
86 42 9.60776 122.186 1.78205
85 89 3.03301 55.31 2.84266
85 86 0.152845 38.8537 4.46244
84 11 12.8522 80.2101 0.110511
84 36 6.71527 86.017 2.84311
84 29 14.6169 132.744 3.33295
84 96 1.90469 110.788 2.1174
83 32 14.5817 49.5736 2.17388
83 67 5.61501 39.9946 0.795524
83 77 7.91149 111.624 0.0123613
82 57 13.7877 72.758 0.420492
82 7 18.239 106.716 1.23975
81 20 9.54715 8.52004 0.24732
81 43 16.3176 79.8242 2.17857
80 52 14.6068 111.224 3.96874
80 65 5.30807 122.423 4.34995
80 14 2.55878 70.9477 2.43461
79 100 4.7297 36.7906 2.07327
79 1 4.2924 209.437 1.84752
79 63 3.6215 128.192 2.7463
79 92 0.129337 180.299 2.59302
78 3 10.0816 258.855 4.44632
78 33 11.9344 115.431 3.41477
78 57 3.47668 189.004 1.4256
77 31 12.8862 139.095 1.324
77 67 6.9456 129.281 2.49989
76 84 12.0076 115.271 1.45505
76 36 1.37942 145.476 4.49026
76 5 17.0142 85.0428 1.07741
75 22 13.1818 190.678 3.65916
75 90 12.4014 221.984 3.44653
75 100 2.43594 192.244 1.2573
74 79 2.63965 65.1114 3.93523
73 28 16.589 132.292 2.78165
73 61 13.3556 115.279 1.51283
73 20 8.68387 116.795 2.64448
72 55 9.76904 157.968 2.72589
72 87 15.0927 151.124 1.61316
72 94 2.51839 122.869 4.74218
71 3 12.5476 130.813 1.43888
71 96 0.288643 128.813 4.12486
70 46 0.211994 5.89731 1.52608
70 51 8.08042 66.7257 3.94792
70 43 2.12221 131.967 3.67182
69 17 14.0831 200.684 4.80425
68 50 16.3796 312.249 1.8345
68 64 19.3011 75.9497 3.61714
68 93 8.13625 153.271 1.47291
67 31 17.5055 114.849 4.88259
67 32 17.1447 30.4506 3.27064
67 37 1.73331 66.3267 3.74847
66 74 1.21073 42.0959 0.457284
66 46 13.2323 76.8529 1.89595
66 22 13.3725 54.327 0.528307
66 100 3.06451 83.9495 0.515324
66 79 2.42882 75.5766 1.91138
65 45 1.96424 64.1904 3.26209
65 99 8.26063 131.908 4.13193
65 5 4.73151 150.848 4.20745
65 77 0.248544 284.052 1.78636
64 52 8.48134 85.8048 0.742149
64 44 19.3235 82.3362 0.273018
63 100 4.32875 138.286 0.701637
63 57 12.4359 59.9218 4.78211
63 82 7.24041 86.6023 1.71717
62 15 18.454 107.794 2.67136
62 25 14.3187 33.756 3.79139
62 4 12.9655 162.264 2.61104
61 20 6.00046 59.0268 4.19217
61 88 17.7542 55.4913 2.96445
61 81 13.666 57.7295 0.0657907
61 34 0.729678 7.84336 0.867214
60 58 9.88939 158.073 0.315901
60 18 11.0321 57.9482 0.605984
60 19 10.7553 110.008 0.669383
60 12 19.4176 281.162 3.79494
59 77 12.8754 183.318 1.86199
59 35 8.69486 107.712 4.7633
58 54 8.31615 239.179 0.197731
58 4 6.0699 76.0585 0.650185
57 33 8.78217 122.178 0.555455
57 100 17.2264 144.307 4.2436
56 69 4.06644 128.205 2.18744
56 11 9.58273 136.357 1.27883
56 26 19.7883 74.9425 1.3485
56 3 13.5176 120.521 2.04997
56 71 14.3992 179.729 3.14474
55 23 19.8326 113.038 1.99779
55 31 6.77619 200.004 2.75018
55 87 9.02523 215.709 3.77092
54 91 12.676 233.803 2.82337
54 53 3.10975 216.931 0.858077
54 15 12.9479 107.45 0.0971236
54 62 9.06894 1.57671 3.64081
54 4 8.55307 163.826 2.51037
53 91 10.1936 19.8741 3.89338
53 72 19.7995 133.172 0.215648
53 15 8.53043 192.484 3.77373
52 68 0.254972 54.2583 0.407374
52 50 9.67486 262.778 1.01337
51 74 2.84753 130.141 4.27049
51 40 6.80259 117.042 0.769445
50 17 7.8241 377.597 3.80549
50 80 1.02005 159.957 1.78786
50 8 3.42655 238.047 4.72137
50 30 12.0429 138.251 4.61792
50 65 2.11152 108.293 1.64344
50 45 19.3972 86.1567 2.48611
49 52 2.42768 63.1679 2.21576
49 80 17.6172 52.1494 2.58725
49 14 1.63935 42.954 3.21134
49 44 17.4237 51.6363 1.38491
48 98 12.0231 108.729 3.93471
48 10 12.0779 174.112 0.570378
48 76 17.4521 108.825 4.21677
48 99 17.7677 68.2305 4.53996
48 2 12.2233 23.8757 1.37837
47 30 8.10114 74.5734 1.18684
47 2 4.68798 79.4232 0.165065
47 98 14.9288 87.4761 3.92664
47 48 10.5394 88.1484 2.82878
46 74 5.51562 75.0956 1.78857
46 51 8.84032 71.6276 4.02234
45 47 4.54381 40.6793 4.0998
44 52 15.0723 17.2649 3.7597
44 27 18.8883 87.1918 1.4025
44 59 14.5403 86.3783 0.427662
44 14 14.2069 73.6311 2.29627
43 95 4.02899 53.1965 2.27687
43 20 1.08747 74.2345 3.55773
43 73 15.1833 127.588 2.29981
43 39 1.06359 143.043 0.209695
43 51 7.96381 147.644 1.26649
42 88 0.82723 64.6877 1.89135
42 34 2.83244 109.921 2.54456
42 19 8.33319 123.531 3.50415
42 18 14.9712 144.201 4.30619
41 25 4.40396 60.0147 2.40456
41 86 9.57177 172.587 3.70983
41 42 15.432 156.048 2.50108
41 18 3.60479 170.983 3.54948
39 81 9.6673 107.727 0.249352
39 51 13.845 48.7279 1.85903
39 40 14.5165 115.901 4.37357
39 19 3.47595 176.184 4.73346
38 93 3.72521 338.365 4.96643
38 24 18.3038 170.455 2.63703
38 53 0.032803 100.574 3.61274
38 55 19.2827 123.084 2.17915
38 72 4.96489 174.146 1.16586
37 97 9.30328 102.365 2.48849
37 73 7.25588 179.128 3.4927
37 21 10.4491 99.8276 0.155016
37 28 4.67826 135.472 1.74487
36 83 2.41929 152.77 1.2548
36 97 0.818609 98.0826 1.75391
36 75 15.6024 180.584 1.25596
35 77 3.91254 96.518 2.87078
35 23 3.22795 104.871 3.92401
35 24 14.8779 143.42 3.74914
34 81 8.79524 57.7515 2.51424
34 39 7.12402 140.475 4.12226
34 19 8.07321 170.507 4.13692
33 7 2.83319 74.837 0.851821
33 82 12.6754 116.829 0.80294
32 97 5.79441 49.0456 3.37812
32 37 15.6636 71.6009 0.16299
31 23 6.40695 131.772 1.01348
31 87 12.738 112.068 0.718748
31 37 2.37699 99.5855 4.27078
31 73 17.0768 144.47 0.451398
30 8 1.41816 106.128 1.97534
29 96 16.3396 65.7283 0.538262
29 71 7.77105 172.418 4.27994
29 75 19.1137 39.2694 0.535291
29 36 0.721611 167.595 0.788207
28 21 0.333965 80.6504 0.0301232
28 95 13.9808 44.3642 3.83232
28 43 13.9333 44.0821 1.02145
27 64 13.5578 35.8866 0.975815
27 59 11.9877 68.1898 2.87533
27 35 17.6966 119.004 1.09451
26 11 16.5101 83.0959 2.63297
26 16 14.9512 79.1332 0.888416
25 15 9.26006 110.591 1.19888
24 64 10.2431 163.328 3.49841
24 27 10.6981 154.335 3.78898
24 55 8.81487 125.09 3.53674
24 23 8.58282 159.474 0.248187
23 77 14.6719 82.6702 0.422746
22 95 14.5448 101.049 4.00369
22 46 14.0642 89.696 4.47077
21 75 10.9513 204.553 2.5672
21 22 1.73207 129.076 1.869
21 95 15.9894 85.6023 2.46553
19 40 4.3107 184.531 0.0735672
19 12 0.438058 209.02 3.10981
18 4 13.0355 131.073 0.416537
18 19 1.19244 133.3 0.518117
18 58 8.60326 115.186 3.97704
16 76 13.1676 63.5516 4.6122
16 84 1.93864 107.377 3.219
16 11 19.4798 75.0547 4.40602
15 72 13.2024 112.335 4.1751
15 94 19.34 110.469 1.20097
15 85 10.4976 102.263 2.31323
15 86 1.25219 105.382 0.571215
15 41 12.5181 136.532 2.80864
14 59 6.06791 48.1105 2.65231
14 65 14.3071 163.401 0.0515413
14 77 8.19451 216.075 4.99032
13 30 1.11093 81.5388 4.52781
13 47 14.5927 21.7823 1.93734
13 45 6.11836 40.6893 2.0399
13 50 8.73559 72.8042 0.527888
12 40 18.0514 75.3485 2.79865
12 92 11.8691 306.971 4.68951
10 8 13.837 144.944 2.56678
10 17 15.9467 202.025 2.04787
10 98 9.952 144.256 1.51459
10 76 3.56159 168.531 1.01247
10 16 18.8341 142.129 2.14143
10 26 19.9301 127.303 3.0729
10 69 9.62904 143.064 1.79759
10 56 3.16866 160.827 2.60995
9 11 16.46 37.8404 3.42525
9 56 12.2364 155.55 0.110485
9 71 13.6245 157.077 0.92926
9 96 0.294057 66.7942 1.56427
9 84 2.23508 76.2527 0.536303
8 17 15.9656 141.981 1.37531
7 3 3.70894 437.409 1.93953
7 78 0.00838984 186.302 1.21575
6 95 14.3941 41.072 2.43454
6 43 1.94118 17.475 0.528494
6 28 15.0083 27.5063 3.49824
5 77 14.7961 265.744 4.50277
5 83 16.2979 210.626 3.85399
5 36 8.71244 143.702 3.22763
4 25 6.54143 132.474 0.404713
4 41 0.758118 88.1121 0.810557
3 69 0.679299 196.447 2.03839
2 45 12.1284 75.719 4.73538
2 65 18.7247 107.972 0.150864
2 99 0.542197 62.7849 3.84661
1 74 1.77451 184.523 4.35786
1 51 8.83835 178.816 0.569759
1 40 6.79376 122.047 0.745377
1 92 6.89678 184.188 0.311505
1 12 11.0968 123.869 0.736861
84 37 34.7232 301.919
64 15 30.1064 292.943
81 25 22.5456 301.441
83 37 25.2613 304.503
