485 100 200
100 127.739 166.251
99 388.153 179.376
98 454.57 120.919
97 279.9 230.772
96 259.078 111.461
95 173.502 266.245
94 201.856 394.693
93 493.183 427.102
92 31.4351 135.766
91 292.439 495.005
90 179.502 46.1439
89 184.153 373.115
88 139.237 379.841
87 227.766 360.609
86 175.763 401.201
85 195.008 398.55
84 303.314 144.802
83 307.868 264.073
82 59.805 85.0472
81 144.222 323.706
80 469.424 270.707
79 112.122 175.973
78 159.148 39.2953
77 338.396 310.796
76 360.925 143.101
75 222.223 148.585
74 111.155 208.514
73 201.743 347.262
72 250.03 432.817
71 239.624 50.0628
70 120.623 247.672
69 380.958 2.2669
68 490.298 350.521
67 288.632 269.54
66 132.197 207.988
65 443.489 215.262
64 453.089 358.11
63 70.8801 126.908
62 174.837 499.036
61 144.349 352.571
60 32.7213 424.115
59 429.946 315.253
58 56.0234 499.638
57 90.6254 104.374
56 328.883 39.6467
55 324.866 407.557
54 175.612 499.182
53 283.709 490.257
52 480.596 325.186
51 98.0679 272.255
50 493.467 194.428
49 467.016 296.671
48 413.617 156.673
47 456.974 164.591
46 121.002 244.748
45 451.618 184.213
44 472.625 321.872
43 169.068 292.471
42 114.671 400.88
41 133.7 476.548
40 40.9208 284.863
39 97.6669 296.616
38 329.255 468.942
37 256.123 276.097
36 303.55 187.81
35 379.965 335.31
34 140.434 352.332
33 101.649 44.2881
32 284.888 254.783
31 270.092 323.89
30 469.664 129.53
29 237.496 136.245
28 188.683 282.418
27 438.014 348.379
26 339.816 75.4874
25 159.908 491.163
24 387.405 406.633
23 330.018 351.273
22 157.289 218.392
21 213.29 250.471
20 148.467 323.346
19 58.3779 375.461
18 55.4786 442.048
17 481.23 6.0269
16 347.497 114.301
15 196.448 449.662
14 445.54 296.936
13 466.332 170.163
12 3.28894 286.649
11 311.029 105.446
10 403.251 70.2365
9 292.325 108.294
8 475.427 76.7801
7 66.2771 32.0832
6 175.605 286.673
5 375.249 183.137
4 93.7948 495.217
3 282.745 0.883456
2 417.409 167.993
1 20.8152 227.246
100 18 34.2956 3.53908 1000
100 22 7.79538 13.7053 59.9326
99 36 1.73065 14.5275 1000
99 82 6.19114 4.51033 1000
99 52 31.3746 13.8072 1000
99 56 42.7315 14.7443 1000
99 76 5.99301 14.8152 45.3568
99 5 1.43811 8.93468 13.4409
98 92 38.1104 8.99087 1000
98 86 9.72 14.3033 1000
98 23 36.9429 15.7055 1000
98 8 0.339015 6.24565 48.8187
98 30 1.25341 14.8866 17.3773
97 32 41.5295 2.81451 1000
97 83 9.42265 11.1592 43.4869
97 75 9.34515 9.59107 100.406
97 21 8.00476 11.1596 69.4619
96 49 22.9473 14.2148 1000
96 43 37.2064 13.423 1000
95 10 4.07019 11.6333 1000
95 81 3.05317 3.37796 1000
95 70 5.53554 18.5262 56.0448
95 46 4.31912 15.9421 56.7301
94 57 13.1505 1.48818 1000
94 5 25.7241 1.78684 1000
94 85 8.09771 8.96286 1000
94 51 28.0065 11.2573 1000
94 32 27.1675 13.5069 1000
94 87 6.49565 7.16192 42.8137
94 89 9.53212 17.8389 27.9106
94 85 2.88096 13.3348 7.85962
93 69 41.721 6.96844 1000
93 94 22.8973 10.6252 1000
93 50 0.195677 10.3068 232.674
93 24 0.499005 11.1695 107.74
93 64 0.864231 17.4177 79.7959
92 46 10.9725 7.81772 1000
92 17 48.2785 9.53366 1000
92 86 20.5595 7.29892 1000
92 7 0.954643 17.0834 109.381
92 82 4.41767 8.81321 58.1144
92 63 5.87851 1.22381 40.4274
91 58 19.3007 7.03251 1000
91 93 6.15557 13.5893 211.917
91 38 3.82532 7.93849 45.1078
90 31 36.25 3.90892 1000
90 92 1.88453 1.66883 1000
90 71 2.81216 0.19226 60.2489
90 3 8.09288 0.345911 112.727
90 29 9.72569 3.41517 107.152
90 100 8.20164 5.83 130.787
90 78 3.45092 7.61279 21.4755
90 57 4.51368 10.7327 106.254
89 71 6.11274 12.9665 1000
89 96 36.654 2.33277 1000
89 23 28.2522 3.08709 1000
89 73 5.13128 3.72023 31.2701
89 86 9.66199 18.3609 29.3117
89 61 3.48125 10.8064 44.7934
89 88 8.09484 19.6829 45.4167
88 84 38.7332 4.39583 1000
88 34 8.83337 17.7705 27.535
87 34 48.0276 12.3481 1000
87 2 6.98887 6.05236 1000
87 73 5.38092 1.09678 29.2466
87 89 9.47513 12.2573 45.371
86 15 25.6324 2.65557 1000
86 88 7.01953 19.0493 42.3132
86 42 3.56411 9.60776 61.0931
85 92 36.7813 10.172 1000
85 89 5.68533 3.03301 27.655
85 86 8.92487 0.152845 19.4268
84 92 37.7876 11.2939 1000
84 16 48.6348 9.20731 1000
84 11 0.221021 12.8522 40.105
84 36 5.68623 6.71527 43.0085
84 29 6.66591 14.6169 66.3719
84 96 4.2348 1.90469 55.3938
83 22 31.3787 2.89925 1000
83 34 36.4206 7.65931 1000
83 35 34.4058 7.86648 1000
83 32 4.34776 14.5817 24.7868
83 67 1.59105 5.61501 19.9973
83 77 0.0247226 7.91149 55.8119
82 19 10.8263 3.53377 1000
82 80 7.2798 15.9588 1000
82 39 10.8538 7.00432 1000
82 63 29.8221 6.91013 1000
82 57 0.840984 13.7877 36.379
82 7 2.47949 18.239 53.358
81 39 46.4318 7.25206 1000
81 25 26.2531 9.14601 1000
81 20 0.49464 9.54715 4.26002
81 43 4.35714 16.3176 39.9121
80 53 1.52263 1.64451 1000
80 42 11.0552 13.3244 1000
80 14 39.3581 11.0868 1000
80 52 7.93748 14.6068 55.6121
80 65 8.6999 5.30807 61.2117
80 14 4.86922 2.55878 35.4739
79 9 7.58888 1.43453 1000
79 73 40.9139 2.48654 1000
79 12 10.5104 13.0981 1000
79 100 4.14653 4.7297 18.3953
79 1 3.69505 4.2924 104.718
79 63 5.49259 3.6215 64.0958
79 92 5.18604 0.129337 90.1497
78 54 17.5313 10.3072 1000
78 76 24.3146 5.05609 1000
78 3 8.89265 10.0816 129.428
78 33 6.82954 11.9344 57.7154
78 57 2.8512 3.47668 94.5022
77 30 33.4665 8.29287 1000
77 23 41.297 15.3354 1000
77 31 2.64799 12.8862 69.5474
77 67 4.99978 6.9456 64.6406
76 32 5.46099 15.953 1000
76 86 11.5715 14.5727 1000
76 67 38.8099 10.3664 1000
76 60 34.28 11.4612 1000
76 84 2.9101 12.0076 57.6357
76 36 8.98051 1.37942 72.7381
76 5 2.15482 17.0142 42.5214
75 93 48.3327 12.1537 1000
75 22 7.31832 13.1818 95.3392
75 90 6.89306 12.4014 110.992
75 100 2.5146 2.43594 96.1221
74 53 42.564 6.00079 1000
74 20 47.7685 12.8582 1000
74 86 15.03 5.38964 1000
74 77 1.16977 6.11606 1000
74 79 7.87046 2.63965 32.5557
73 35 14.3975 8.84638 1000
73 59 41.0765 14.5653 1000
73 28 5.5633 16.589 66.1461
73 61 3.02566 13.3556 57.6393
73 20 5.28895 8.68387 58.3977
72 32 9.19125 4.58734 1000
72 69 25.4557 3.60035 1000
72 55 5.45177 9.76904 78.9841
72 87 3.22631 15.0927 75.562
72 94 9.48436 2.51839 61.4345
71 90 30.0219 11.5792 1000
71 88 12.3094 10.4775 1000
71 3 2.87777 12.5476 65.4066
71 96 8.24972 0.288643 64.4066
70 46 3.05216 0.211994 2.94865
70 51 7.89583 8.08042 33.3628
70 43 7.34364 2.12221 65.9833
69 17 9.60849 14.0831 100.342
68 45 47.6743 12.8913 1000
68 46 -0.274654 10.4516 1000
68 9 17.2406 15.627 1000
68 88 40.9607 6.48595 1000
68 50 3.66901 16.3796 156.124
68 64 7.23427 19.3011 37.9749
68 93 2.94583 8.13625 76.6354
67 99 34.7239 4.68821 1000
67 31 9.76518 17.5055 57.4247
67 32 6.54127 17.1447 15.2253
67 37 7.49694 1.73331 33.1634
66 82 36.3187 7.13894 1000
66 78 12.054 8.21482 1000
66 29 42.685 9.72544 1000
66 74 0.914568 1.21073 21.048
66 46 3.79189 13.2323 38.4264
66 22 1.05661 13.3725 27.1635
66 100 1.03065 3.06451 41.9747
66 79 3.82277 2.42882 37.7883
65 61 31.1181 2.44346 1000
65 45 6.52419 1.96424 32.0952
65 99 8.26387 8.26063 65.954
65 5 8.4149 4.73151 75.4239
65 77 3.57271 0.248544 142.026
64 54 11.7205 14.8152 1000
64 98 6.07446 6.95699 1000
64 52 1.4843 8.48134 42.9024
64 44 0.546035 19.3235 41.1681
63 1 44.4306 12.6374 1000
63 98 39.6416 8.06467 1000
63 100 1.40327 4.32875 69.1429
63 57 9.56421 12.4359 29.9609
63 82 3.43434 7.24041 43.3012
62 33 35.3547 2.05763 1000
62 36 13.6921 9.11355 1000
62 75 40.1029 6.07712 1000
62 15 5.34273 18.454 53.8969
62 25 7.58278 14.3187 16.878
62 4 5.22208 12.9655 81.1322
61 55 37.3839 8.16892 1000
61 1 19.1061 11.0709 1000
61 34 21.9409 10.557 1000
61 20 8.38434 6.00046 29.5134
61 88 5.92891 17.7542 27.7456
61 81 0.131581 13.666 28.8647
61 34 1.73443 0.729678 3.92168
60 66 27.3233 1.79252 1000
60 37 35.6059 5.11447 1000
60 75 -0.552327 14.0265 1000
60 58 0.631802 9.88939 79.0366
60 18 1.21197 11.0321 28.9741
60 19 1.33877 10.7553 55.004
60 12 7.58988 19.4176 140.581
59 17 44.3582 1.48279 1000
59 73 40.3416 7.93191 1000
59 77 3.72397 12.8754 91.6592
59 35 9.5266 8.69486 53.8562
58 57 33.0443 5.82564 1000
58 54 0.395462 8.31615 119.589
58 4 1.30037 6.0699 38.0292
57 78 32.2534 2.22825 1000
57 75 32.9723 14.4432 1000
57 62 46.1448 12.7364 1000
57 98 44.8862 6.2284 1000
57 33 1.11091 8.78217 61.0891
57 100 8.4872 17.2264 72.1533
56 41 21.0246 10.8418 1000
56 46 47.906 3.94796 1000
56 69 4.37488 4.06644 64.1025
56 11 2.55766 9.58273 68.1787
56 26 2.69699 19.7883 37.4713
56 3 4.09995 13.5176 60.2604
56 71 6.28947 14.3992 89.8647
55 23 3.99558 19.8326 56.5192
55 31 5.50035 6.77619 100.002
55 87 7.54184 9.02523 107.854
54 55 35.3249 4.79008 1000
54 58 48.4128 4.58333 1000
54 13 40.2558 7.49145 1000
54 91 5.64674 12.676 116.902
54 53 1.71615 3.10975 108.465
54 15 0.194247 12.9479 53.7251
54 62 7.28163 9.06894 0.788353
54 4 5.02075 8.55307 81.9131
53 1 9.1625 12.1838 1000
53 99 13.4847 9.32711 1000
53 61 5.22064 15.0525 1000
53 52 38.2603 13.6927 1000
53 60 38.8541 13.3968 1000
53 91 7.78675 10.1936 9.93704
53 72 0.431297 19.7995 66.586
53 15 7.54745 8.53043 96.2419
52 12 0.74362 5.40325 1000
52 89 20.1707 14.3748 1000
52 46 46.9898 3.87684 1000
52 42 30.1087 5.86463 1000
52 77 38.7675 6.79365 1000
52 68 0.814748 0.254972 27.1291
52 50 2.02673 9.67486 131.389
51 48 46.6968 13.3549 1000
51 28 30.7912 9.07079 1000
51 95 35.512 10.9521 1000
51 74 8.54098 2.84753 65.0706
51 40 1.53889 6.80259 58.5212
50 65 3.90687 14.8591 1000
50 55 9.39291 2.80021 1000
50 17 7.61098 7.8241 188.799
50 80 3.57572 1.02005 79.9784
50 8 9.44275 3.42655 119.024
50 30 9.23583 12.0429 69.1257
50 65 3.28688 2.11152 54.1465
50 45 4.97222 19.3972 43.0783
49 51 26.2945 15.0979 1000
49 44 0.870132 12.7299 1000
49 54 38.8212 13.3199 1000
49 52 4.43153 2.42768 31.5839
49 80 5.17449 17.6172 26.0747
49 14 6.42268 1.63935 21.477
49 44 2.76982 17.4237 25.8182
48 98 7.86943 12.0231 54.3646
48 10 1.14076 12.0779 87.0562
48 76 8.43354 17.4521 54.4124
48 99 9.07991 17.7677 34.1152
48 2 2.75675 12.2233 11.9379
47 19 37.1111 3.11098 1000
47 30 2.37368 8.10114 37.2867
47 2 0.33013 4.68798 39.7116
47 98 7.85328 14.9288 43.738
47 48 5.65756 10.5394 44.0742
46 66 43.6652 1.02816 1000
46 27 22.9294 9.8511 1000
46 74 3.57714 5.51562 37.5478
46 51 8.04469 8.84032 35.8138
45 99 15.2473 12.3348 1000
45 35 14.797 9.93414 1000
45 29 44.4932 4.36368 1000
45 46 29.9987 15.1642 1000
45 96 38.383 11.9586 1000
45 47 8.1996 4.54381 20.3397
44 51 17.3002 4.15333 1000
44 39 15.5229 4.63573 1000
44 15 44.8352 15.828 1000
44 52 7.51941 15.0723 8.63245
44 27 2.805 18.8883 43.5959
44 59 0.855325 14.5403 43.1891
44 14 4.59254 14.2069 36.8156
43 22 32.9844 10.3948 1000
43 83 6.77238 5.0918 1000
43 95 4.55374 4.02899 26.5983
43 20 7.11545 1.08747 37.1172
43 73 4.59962 15.1833 63.794
43 39 0.419389 1.06359 71.5214
43 51 2.53298 7.96381 73.822
42 97 45.9351 3.27236 1000
42 57 45.6772 7.97954 1000
42 95 24.5044 15.7762 1000
42 35 48.8279 1.01767 1000
42 88 3.7827 0.82723 32.3438
42 34 5.08912 2.83244 54.9605
42 19 7.00831 8.33319 61.7657
42 18 8.61238 14.9712 72.1007
41 61 25.4848 14.1596 1000
41 45 27.0183 1.35601 1000
41 49 19.7617 14.9307 1000
41 25 4.80911 4.40396 30.0074
41 86 7.41966 9.57177 86.2937
41 42 5.00216 15.432 78.0242
41 18 7.09897 3.60479 85.4917
40 14 23.6493 4.0182 1000
40 94 48.8807 3.49109 1000
40 23 46.9857 5.32689 1000
39 96 17.3074 3.51272 1000
39 81 0.498704 9.6673 53.8633
39 51 3.71805 13.845 24.364
39 40 8.74714 14.5165 57.9505
39 19 9.46691 3.47595 88.0921
38 93 9.93287 3.72521 169.183
38 24 5.27407 18.3038 85.2274
38 53 7.22549 0.032803 50.2869
38 55 4.35831 19.2827 61.542
38 72 2.33173 4.96489 87.0728
37 97 4.97698 9.30328 51.1823
37 73 6.9854 7.25588 89.564
37 21 0.310033 10.4491 49.9138
37 28 3.48974 4.67826 67.7359
36 81 23.8077 4.99705 1000
36 83 2.5096 2.41929 76.385
36 97 3.50781 0.818609 49.0413
36 75 2.51192 15.6024 90.2918
35 77 5.74157 3.91254 48.259
35 23 7.84803 3.22795 52.4355
35 24 7.49828 14.8779 71.7102
34 97 3.93708 15.45 1000
34 86 26.1352 6.59207 1000
34 26 7.30443 2.62169 1000
34 78 27.0769 6.99411 1000
34 28 36.4983 14.9772 1000
34 58 4.96536 5.42198 1000
34 81 5.02849 8.79524 28.8757
34 39 8.24452 7.12402 70.2377
34 19 8.27384 8.07321 85.2535
33 53 47.5527 10.0177 1000
33 63 8.02478 4.2422 1000
33 88 9.57889 15.8902 1000
33 7 1.70364 2.83319 37.4185
33 82 1.60588 12.6754 58.4144
32 69 22.7723 10.8284 1000
32 97 6.75624 5.79441 24.5228
32 37 0.325981 15.6636 35.8004
31 23 2.02697 6.40695 65.8858
31 87 1.4375 12.738 56.034
31 37 8.54156 2.37699 49.7928
31 73 0.902796 17.0768 72.2348
30 55 15.0266 9.54655 1000
30 84 39.909 4.74436 1000
30 8 3.95068 1.41816 53.0641
29 42 15.8553 2.36471 1000
29 77 18.9744 14.7507 1000
29 27 15.8164 10.7854 1000
29 96 1.07652 16.3396 32.8641
29 71 8.55987 7.77105 86.2089
29 75 1.07058 19.1137 19.6347
29 36 1.57641 0.721611 83.7974
28 57 22.6067 12.9421 1000
28 21 0.0602464 0.333965 40.3252
28 95 7.66464 13.9808 22.1821
28 43 2.04291 13.9333 22.041
27 85 5.82449 12.1872 1000
27 64 1.95163 13.5578 17.9433
27 59 5.75066 11.9877 34.0949
27 35 2.18903 17.6966 59.502
26 82 36.0308 6.63253 1000
26 11 5.26593 16.5101 41.5479
26 16 1.77683 14.9512 39.5666
25 55 0.683823 12.044 1000
25 43 14.0139 9.60495 1000
25 88 27.0304 2.31328 1000
25 15 2.39776 9.26006 55.2957
24 36 33.8909 7.98035 1000
24 49 2.3994 7.66275 1000
24 64 6.99683 10.2431 81.6642
24 27 7.57797 10.6981 77.1673
24 55 7.07348 8.81487 62.5452
24 23 0.496374 8.58282 79.7372
23 50 39.5307 12.1846 1000
23 77 0.845491 14.6719 41.3351
22 3 17.941 3.76156 1000
22 95 8.00739 14.5448 50.5243
22 46 8.94155 14.0642 44.848
21 49 14.205 1.76161 1000
21 27 26.732 5.75095 1000
21 75 5.1344 10.9513 102.276
21 22 3.73801 1.73207 64.5381
21 95 4.93106 15.9894 42.8012
19 7 4.2952 7.37291 1000
19 6 26.9659 8.9679 1000
19 40 0.147134 4.3107 92.2653
19 12 6.21961 0.438058 104.51
18 6 37.2856 8.95595 1000
18 15 34.8457 10.3417 1000
18 13 20.3018 3.78636 1000
18 29 39.2096 4.74272 1000
18 4 0.833073 13.0355 65.5366
18 19 1.03623 1.19244 66.65
18 58 7.95408 8.60326 57.5928
17 10 26.1762 3.34843 1000
16 80 2.90349 10.0249 1000
16 61 20.6618 10.5982 1000
16 76 9.2244 13.1676 31.7758
16 84 6.43801 1.93864 53.6884
16 11 8.81204 19.4798 37.5274
15 76 21.6659 8.83568 1000
15 25 -0.948861 10.745 1000
15 72 8.3502 13.2024 56.1674
15 94 2.40194 19.34 55.2344
15 85 4.62646 10.4976 51.1315
15 86 1.14243 1.25219 52.6911
15 41 5.61728 12.5181 68.266
14 59 5.30463 6.06791 24.0552
14 65 0.103083 14.3071 81.7004
14 77 9.98063 8.19451 108.037
13 19 46.4058 2.5274 1000
13 48 40.3462 6.65502 1000
13 30 9.05562 1.11093 40.7694
13 47 3.87468 14.5927 10.8912
13 45 4.0798 6.11836 20.3446
13 50 1.05578 8.73559 36.4021
12 60 39.75 6.98494 1000
12 30 4.24081 7.2787 1000
12 40 5.59729 18.0514 37.6743
12 92 9.37902 11.8691 153.486
10 26 37.4029 14.4691 1000
10 93 6.02388 8.93736 1000
10 8 5.13356 13.837 72.472
10 17 4.09574 15.9467 101.013
10 98 3.02919 9.952 72.1278
10 76 2.02493 3.56159 84.2656
10 16 4.28286 18.8341 71.0647
10 26 6.14579 19.9301 63.6515
10 69 3.59518 9.62904 71.532
10 56 5.2199 3.16866 80.4136
9 11 6.85049 16.46 18.9202
9 56 0.220969 12.2364 77.775
9 71 1.85852 13.6245 78.5383
9 96 3.12854 0.294057 33.3971
9 84 1.07261 2.23508 38.1264
8 17 2.75062 15.9656 70.9907
7 27 28.2786 10.7093 1000
7 3 3.87905 3.70894 218.704
7 78 2.4315 0.00838984 93.1508
6 8 4.26046 12.0436 1000
6 95 4.86908 14.3941 20.536
6 43 1.05699 1.94118 8.73748
6 28 6.99647 15.0083 13.7532
5 77 9.00553 14.7961 132.872
5 83 7.70799 16.2979 105.313
5 36 6.45527 8.71244 71.851
4 70 12.4759 15.014 1000
4 25 0.809426 6.54143 66.237
4 41 1.62111 0.758118 44.0561
3 58 3.33481 4.37314 1000
3 69 4.07678 0.679299 98.2234
2 79 17.6419 10.6941 1000
2 8 8.01692 14.2821 1000
2 45 9.47075 12.1284 37.8595
2 65 0.301728 18.7247 53.9862
2 99 7.69323 0.542197 31.3925
1 99 18.3388 3.66778 1000
1 35 -0.926439 4.94753 1000
1 13 33.74 14.4855 1000
1 74 8.71571 1.77451 92.2615
1 51 1.13952 8.83835 89.4081
1 40 1.49075 6.79376 61.0236
1 92 0.623011 6.89678 92.0942
1 12 1.47372 11.0968 61.9346
68 88 5.48595 41.9607
77 23 14.3354 42.297
16 61 9.59815 21.6618
64 98 5.95699 7.07446
33 88 14.8902 10.5789
30 84 3.74436 40.909
62 75 5.07712 41.1029
94 32 12.5069 28.1675
68 9 14.627 18.2406
82 63 5.91013 30.8221
36 81 3.99705 24.8077
63 98 7.06467 40.6416
57 98 5.2284 45.8862
87 2 5.05236 7.98887
92 86 6.29892 21.5595
18 29 3.74272 40.2096
33 63 3.2422 9.02478
81 25 8.14601 27.2531
73 59 13.5653 42.0765
61 34 9.55701 22.9409
45 96 10.9586 39.383
66 29 8.72544 43.685
49 54 12.3199 39.8212
80 14 10.0868 40.3581
98 23 14.7055 37.9429
12 30 6.2787 5.24081
61 1 10.0709 20.1061
64 54 13.8152 12.7205
92 17 8.53366 49.2785
27 85 11.1872 6.82449
51 95 9.9521 36.512
89 23 2.08709 29.2522
52 77 5.79365 39.7675
41 49 13.9307 20.7617
72 69 2.60035 26.4557
83 35 6.86648 35.4058
21 27 4.75095 27.732
22 3 2.76156 18.941
61 55 7.16892 38.3839
56 46 2.94796 48.906
82 39 6.00432 11.8538
81 39 6.25206 47.4318
79 12 12.0981 11.5104
82 80 14.9588 8.2798
78 76 4.05609 25.3146
6 8 11.0436 5.26046
76 60 10.4612 35.28
53 60 12.3968 39.8541
10 93 7.93736 7.02388
21 49 0.761606 15.205
76 67 9.36642 39.8099
51 28 8.07079 31.7912
25 88 1.31328 28.0304
34 58 4.42198 5.96536
60 75 13.0265 0.447673
86 15 1.65557 26.6324
12 60 5.98494 40.75
49 44 11.7299 1.87013
7 27 9.70932 29.2786
26 82 5.63253 37.0308
45 46 14.1642 30.9987
10 26 13.4691 38.4029
46 27 8.8511 23.9294
90 92 0.668825 2.88453
40 23 4.32689 47.9857
53 52 12.6927 39.2603
75 93 11.1537 49.3327
79 73 1.48654 41.9139
73 35 7.84638 15.3975
24 49 6.66275 3.3994
54 13 6.49145 41.2558
40 94 2.49109 49.8807
34 28 13.9772 37.4983
79 9 0.434529 8.58888
59 73 6.93191 41.3416
52 42 4.86463 31.1087
43 83 4.0918 7.77238
13 48 5.65502 41.3462
74 77 5.11606 2.16977
1 13 13.4855 34.74
95 81 2.37796 4.05317
82 19 2.53377 11.8263
83 34 6.65931 37.4206
90 31 2.90892 37.25
71 88 9.47747 13.3094
53 61 14.0525 6.22064
60 37 4.11447 36.6059
57 62 11.7364 47.1448
18 13 2.78636 21.3018
78 54 9.30718 18.5313
74 86 4.38964 16.03
4 70 14.014 13.4759
17 10 2.34843 27.1762
96 43 12.423 38.2064
89 96 1.33277 37.654
44 15 14.828 45.8352
68 46 9.4516 0.725346
15 25 9.74505 0.0511394
59 17 0.482789 45.3582
42 35 0.0176729 49.8279
23 50 11.1846 40.5307
34 78 5.99411 28.0769
99 56 13.7443 43.7315
68 45 11.8913 48.6743
53 99 8.32711 14.4847
42 95 14.7762 25.5044
19 6 7.9679 27.9659
33 53 9.01771 48.5527
91 58 6.03251 20.3007
94 51 10.2573 29.0065
62 36 8.11355 14.6921
76 86 13.5727 12.5715
97 32 1.81451 42.5295
76 32 14.953 6.46099
15 76 7.83568 22.6659
18 15 9.34167 35.8457
3 58 3.37314 4.33481
57 75 13.4432 33.9723
94 85 7.96286 9.09771
80 42 12.3244 12.0552
29 27 9.78538 16.8164
88 84 3.39583 39.7332
65 61 1.44346 32.1181
1 35 3.94753 0.0735607
30 55 8.54655 16.0266
54 58 3.58333 49.4128
83 22 1.89925 32.3787
85 92 9.17201 37.7813
52 46 2.87684 47.9898
72 32 3.58734 10.1912
89 71 11.9665 7.11274
2 8 13.2821 9.01692
25 43 8.60495 15.0139
34 26 1.62169 8.30443
47 19 2.11098 38.1111
74 20 11.8582 48.7685
99 52 12.8072 32.3746
41 45 0.356011 28.0183
71 90 10.5792 31.0219
52 89 13.3748 21.1707
66 78 7.21482 13.054
60 66 0.792524 28.3233
34 86 5.59207 27.1352
40 14 3.0182 24.6493
84 16 8.20731 49.6348
66 82 6.13894 37.3187
50 55 1.80021 10.3929
2 79 9.69412 18.6419
42 57 6.97954 46.6772
57 78 1.22825 33.2534
52 12 4.40325 1.74362
94 5 0.786841 26.7241
96 49 13.2148 23.9473
45 29 3.36368 45.4932
53 1 11.1838 10.1625
25 55 11.044 1.68382
98 86 13.3033 10.72
39 96 2.51272 18.3074
46 66 0.0281574 44.6652
98 92 7.99087 39.1104
58 57 4.82564 34.0443
100 18 2.53908 35.2956
77 30 7.29287 34.4665
13 19 1.5274 47.4058
1 99 2.66778 19.3388
80 53 0.644507 2.52263
95 10 10.6333 5.07019
32 69 9.82844 23.7723
29 77 13.7507 19.9744
43 22 9.39482 33.9844
44 39 3.63573 16.5229
51 48 12.3549 47.6968
28 57 11.9421 23.6067
93 94 9.62519 23.8973
54 55 3.79008 36.3249
67 99 3.68821 35.7239
42 97 2.27236 46.9351
41 61 13.1596 26.4848
74 53 5.00079 43.564
16 80 9.02486 3.90349
49 51 14.0979 27.2945
63 1 11.6374 45.4306
93 69 5.96844 42.721
99 82 3.51033 7.19114
87 34 11.3481 49.0276
92 46 6.81772 11.9725
19 7 6.37291 5.2952
44 51 3.15333 18.3002
34 97 14.45 4.93708
99 36 13.5275 2.73065
50 65 13.8591 4.90687
56 41 9.84176 22.0246
18 6 7.95595 38.2856
45 35 8.93414 15.797
29 42 1.36471 16.8553
24 36 6.98035 34.8909
84 92 10.2939 38.7876
62 33 1.05763 36.3547
45 99 11.3348 16.2473
94 57 0.488175 14.1505
