286 100 1
100 51.0954 66.5004
99 155.261 71.7503
98 181.828 48.3677
97 111.96 92.3089
96 103.631 44.5844
95 69.4006 106.498
94 80.7424 157.877
93 197.273 170.841
92 12.5741 54.3066
91 116.976 198.002
90 71.801 18.4576
89 73.661 149.246
88 55.6947 151.936
87 91.1064 144.244
86 70.3052 160.48
85 78.0033 159.42
84 121.326 57.9209
83 123.147 105.629
82 23.922 34.0189
81 57.6888 129.482
80 187.77 108.283
79 44.8489 70.3892
78 63.6593 15.7181
77 135.358 124.318
76 144.37 57.2403
75 88.8893 59.434
74 44.462 83.4057
73 80.6971 138.905
72 100.012 173.127
71 95.8495 20.0251
70 48.2494 99.0689
69 152.383 0.906758
68 196.119 140.208
67 115.453 107.816
66 52.8786 83.1953
65 177.396 86.1046
64 181.236 143.244
63 28.352 50.7633
62 69.9348 199.614
61 57.7394 141.028
60 13.0885 169.646
59 171.979 126.101
58 22.4094 199.855
57 36.2502 41.7497
56 131.553 15.8587
55 129.946 163.023
54 70.2447 199.673
53 113.484 196.103
52 192.239 130.074
51 39.2272 108.902
50 197.387 77.7714
49 186.806 118.668
48 165.447 62.6693
47 182.79 65.8365
46 48.4008 97.8992
45 180.647 73.6851
44 189.05 128.749
43 67.6272 116.988
42 45.8683 160.352
41 53.48 190.619
40 16.3683 113.945
39 39.0668 118.646
38 131.702 187.577
37 102.449 110.439
36 121.42 75.1241
35 151.986 134.124
34 56.1736 140.933
33 40.6597 17.7152
32 113.955 101.913
31 108.037 129.556
30 187.866 51.8121
29 94.9984 54.4982
28 75.4732 112.967
27 175.205 139.352
26 135.927 30.195
25 63.963 196.465
24 154.962 162.653
23 132.007 140.509
22 62.9154 87.3569
21 85.316 100.188
20 59.3867 129.338
19 23.3512 150.185
18 22.1915 176.819
17 192.492 2.41076
16 138.999 45.7205
15 78.5793 179.865
14 178.216 118.775
13 186.533 68.0653
12 1.31558 114.66
11 124.412 42.1786
10 161.3 28.0946
9 116.93 43.3176
8 190.171 30.712
7 26.5108 12.8333
6 70.2418 114.669
5 150.099 73.2547
4 37.5179 198.087
3 113.098 0.353382
2 166.963 67.1972
1 8.32607 90.8985
100 22 7.79538 13.7053 23.973
99 76 5.99301 14.8152 18.1427
99 5 1.43811 8.93468 5.37635
98 8 0.339015 6.24565 19.5275
98 30 1.25341 14.8866 6.95092
97 83 9.42265 11.1592 17.3947
97 75 9.34515 9.59107 40.1625
97 21 8.00476 11.1596 27.7847
95 70 5.53554 18.5262 22.4179
95 46 4.31912 15.9421 22.692
94 87 6.49565 7.16192 17.1255
94 89 9.53212 17.8389 11.1642
94 85 2.88096 13.3348 3.14385
93 50 0.195677 10.3068 93.0694
93 24 0.499005 11.1695 43.0961
93 64 0.864231 17.4177 31.9184
92 7 0.954643 17.0834 43.7523
92 82 4.41767 8.81321 23.2458
92 63 5.87851 1.22381 16.1709
91 93 6.15557 13.5893 84.7669
91 38 3.82532 7.93849 18.0431
90 71 2.81216 0.19226 24.0995
90 3 8.09288 0.345911 45.091
90 29 9.72569 3.41517 42.8608
90 100 8.20164 5.83 52.3147
90 78 3.45092 7.61279 8.5902
90 57 4.51368 10.7327 42.5016
89 73 5.13128 3.72023 12.508
89 86 9.66199 18.3609 11.7247
89 61 3.48125 10.8064 17.9173
89 88 8.09484 19.6829 18.1667
88 34 8.83337 17.7705 11.014
87 73 5.38092 1.09678 11.6986
87 89 9.47513 12.2573 18.1484
86 88 7.01953 19.0493 16.9253
86 42 3.56411 9.60776 24.4372
85 89 5.68533 3.03301 11.062
85 86 8.92487 0.152845 7.77073
84 11 0.221021 12.8522 16.042
84 36 5.68623 6.71527 17.2034
84 29 6.66591 14.6169 26.5488
84 96 4.2348 1.90469 22.1575
83 32 4.34776 14.5817 9.91473
83 67 1.59105 5.61501 7.99892
83 77 0.0247226 7.91149 22.3247
82 57 0.840984 13.7877 14.5516
82 7 2.47949 18.239 21.3432
81 20 0.49464 9.54715 1.70401
81 43 4.35714 16.3176 15.9648
80 52 7.93748 14.6068 22.2448
80 65 8.6999 5.30807 24.4847
80 14 4.86922 2.55878 14.1895
79 100 4.14653 4.7297 7.35812
79 1 3.69505 4.2924 41.8873
79 63 5.49259 3.6215 25.6383
79 92 5.18604 0.129337 36.0599
78 3 8.89265 10.0816 51.7711
78 33 6.82954 11.9344 23.0862
78 57 2.8512 3.47668 37.8009
77 31 2.64799 12.8862 27.819
77 67 4.99978 6.9456 25.8562
76 84 2.9101 12.0076 23.0543
76 36 8.98051 1.37942 29.0952
76 5 2.15482 17.0142 17.0086
75 22 7.31832 13.1818 38.1357
75 90 6.89306 12.4014 44.3968
75 100 2.5146 2.43594 38.4488
74 79 7.87046 2.63965 13.0223
73 28 5.5633 16.589 26.4584
73 61 3.02566 13.3556 23.0557
73 20 5.28895 8.68387 23.3591
72 55 5.45177 9.76904 31.5936
72 87 3.22631 15.0927 30.2248
72 94 9.48436 2.51839 24.5738
71 3 2.87777 12.5476 26.1626
71 96 8.24972 0.288643 25.7626
70 46 3.05216 0.211994 1.17946
70 51 7.89583 8.08042 13.3451
70 43 7.34364 2.12221 26.3933
69 17 9.60849 14.0831 40.1367
68 50 3.66901 16.3796 62.4498
68 64 7.23427 19.3011 15.1899
68 93 2.94583 8.13625 30.6541
67 31 9.76518 17.5055 22.9699
67 32 6.54127 17.1447 6.09012
67 37 7.49694 1.73331 13.2653
66 74 0.914568 1.21073 8.41919
66 46 3.79189 13.2323 15.3706
66 22 1.05661 13.3725 10.8654
66 100 1.03065 3.06451 16.7899
66 79 3.82277 2.42882 15.1153
65 45 6.52419 1.96424 12.8381
65 99 8.26387 8.26063 26.3816
65 5 8.4149 4.73151 30.1696
65 77 3.57271 0.248544 56.8104
64 52 1.4843 8.48134 17.161
64 44 0.546035 19.3235 16.4672
63 100 1.40327 4.32875 27.6572
63 57 9.56421 12.4359 11.9844
63 82 3.43434 7.24041 17.3205
62 15 5.34273 18.454 21.5587
62 25 7.58278 14.3187 6.7512
62 4 5.22208 12.9655 32.4529
61 20 8.38434 6.00046 11.8054
61 88 5.92891 17.7542 11.0983
61 81 0.131581 13.666 11.5459
61 34 1.73443 0.729678 1.56867
60 58 0.631802 9.88939 31.6147
60 18 1.21197 11.0321 11.5896
60 19 1.33877 10.7553 22.0016
60 12 7.58988 19.4176 56.2325
59 77 3.72397 12.8754 36.6637
59 35 9.5266 8.69486 21.5425
58 54 0.395462 8.31615 47.8357
58 4 1.30037 6.0699 15.2117
57 33 1.11091 8.78217 24.4356
57 100 8.4872 17.2264 28.8613
56 69 4.37488 4.06644 25.641
56 11 2.55766 9.58273 27.2715
56 26 2.69699 19.7883 14.9885
56 3 4.09995 13.5176 24.1041
56 71 6.28947 14.3992 35.9459
55 23 3.99558 19.8326 22.6077
55 31 5.50035 6.77619 40.0008
55 87 7.54184 9.02523 43.1417
54 91 5.64674 12.676 46.7607
54 53 1.71615 3.10975 43.3861
54 15 0.194247 12.9479 21.49
54 62 7.28163 9.06894 0.315341
54 4 5.02075 8.55307 32.7652
53 91 7.78675 10.1936 3.97482
53 72 0.431297 19.7995 26.6344
53 15 7.54745 8.53043 38.4968
52 68 0.814748 0.254972 10.8517
52 50 2.02673 9.67486 52.5557
51 74 8.54098 2.84753 26.0283
51 40 1.53889 6.80259 23.4085
50 17 7.61098 7.8241 75.5194
50 80 3.57572 1.02005 31.9914
50 8 9.44275 3.42655 47.6094
50 30 9.23583 12.0429 27.6503
50 65 3.28688 2.11152 21.6586
50 45 4.97222 19.3972 17.2313
49 52 4.43153 2.42768 12.6336
49 80 5.17449 17.6172 10.4299
49 14 6.42268 1.63935 8.5908
49 44 2.76982 17.4237 10.3273
48 98 7.86943 12.0231 21.7458
48 10 1.14076 12.0779 34.8225
48 76 8.43354 17.4521 21.765
48 99 9.07991 17.7677 13.6461
48 2 2.75675 12.2233 4.77514
47 30 2.37368 8.10114 14.9147
47 2 0.33013 4.68798 15.8846
47 98 7.85328 14.9288 17.4952
47 48 5.65756 10.5394 17.6297
46 74 3.57714 5.51562 15.0191
46 51 8.04469 8.84032 14.3255
45 47 8.1996 4.54381 8.13586
44 52 7.51941 15.0723 3.45298
44 27 2.805 18.8883 17.4384
44 59 0.855325 14.5403 17.2757
44 14 4.59254 14.2069 14.7262
43 95 4.55374 4.02899 10.6393
43 20 7.11545 1.08747 14.8469
43 73 4.59962 15.1833 25.5176
43 39 0.419389 1.06359 28.6086
43 51 2.53298 7.96381 29.5288
42 88 3.7827 0.82723 12.9375
42 34 5.08912 2.83244 21.9842
42 19 7.00831 8.33319 24.7063
42 18 8.61238 14.9712 28.8403
41 25 4.80911 4.40396 12.0029
41 86 7.41966 9.57177 34.5175
41 42 5.00216 15.432 31.2097
41 18 7.09897 3.60479 34.1967
39 81 0.498704 9.6673 21.5453
39 51 3.71805 13.845 9.74559
39 40 8.74714 14.5165 23.1802
39 19 9.46691 3.47595 35.2368
38 93 9.93287 3.72521 67.6731
38 24 5.27407 18.3038 34.091
38 53 7.22549 0.032803 20.1147
38 55 4.35831 19.2827 24.6168
38 72 2.33173 4.96489 34.8291
37 97 4.97698 9.30328 20.4729
37 73 6.9854 7.25588 35.8256
37 21 0.310033 10.4491 19.9655
37 28 3.48974 4.67826 27.0944
36 83 2.5096 2.41929 30.554
36 97 3.50781 0.818609 19.6165
36 75 2.51192 15.6024 36.1167
35 77 5.74157 3.91254 19.3036
35 23 7.84803 3.22795 20.9742
35 24 7.49828 14.8779 28.6841
34 81 5.02849 8.79524 11.5503
34 39 8.24452 7.12402 28.0951
34 19 8.27384 8.07321 34.1014
33 7 1.70364 2.83319 14.9674
33 82 1.60588 12.6754 23.3658
32 97 6.75624 5.79441 9.80912
32 37 0.325981 15.6636 14.3202
31 23 2.02697 6.40695 26.3543
31 87 1.4375 12.738 22.4136
31 37 8.54156 2.37699 19.9171
31 73 0.902796 17.0768 28.8939
30 8 3.95068 1.41816 21.2256
29 96 1.07652 16.3396 13.1457
29 71 8.55987 7.77105 34.4836
29 75 1.07058 19.1137 7.85388
29 36 1.57641 0.721611 33.5189
28 21 0.0602464 0.333965 16.1301
28 95 7.66464 13.9808 8.87284
28 43 2.04291 13.9333 8.81641
27 64 1.95163 13.5578 7.17732
27 59 5.75066 11.9877 13.638
27 35 2.18903 17.6966 23.8008
26 23 40.9607 6.48595 1000
26 11 5.26593 16.5101 16.6192
26 16 1.77683 14.9512 15.8266
25 15 2.39776 9.26006 22.1183
24 64 6.99683 10.2431 32.6657
24 27 7.57797 10.6981 30.8669
24 55 7.07348 8.81487 25.0181
24 23 0.496374 8.58282 31.8949
23 77 0.845491 14.6719 16.534
22 95 8.00739 14.5448 20.2097
22 46 8.94155 14.0642 17.9392
21 75 5.1344 10.9513 40.9106
21 22 3.73801 1.73207 25.8153
21 95 4.93106 15.9894 17.1205
19 40 0.147134 4.3107 36.9061
19 12 6.21961 0.438058 41.8041
18 4 0.833073 13.0355 26.2146
18 19 1.03623 1.19244 26.66
18 58 7.95408 8.60326 23.0371
16 76 9.2244 13.1676 12.7103
16 84 6.43801 1.93864 21.4754
16 11 8.81204 19.4798 15.0109
15 72 8.3502 13.2024 22.467
15 94 2.40194 19.34 22.0937
15 85 4.62646 10.4976 20.4526
15 86 1.14243 1.25219 21.0764
15 41 5.61728 12.5181 27.3064
14 59 5.30463 6.06791 9.6221
14 65 0.103083 14.3071 32.6802
14 77 9.98063 8.19451 43.215
13 30 9.05562 1.11093 16.3078
13 47 3.87468 14.5927 4.35646
13 45 4.0798 6.11836 8.13785
13 50 1.05578 8.73559 14.5608
12 40 5.59729 18.0514 15.0697
12 92 9.37902 11.8691 61.3943
10 8 5.13356 13.837 28.9888
10 17 4.09574 15.9467 40.4051
10 98 3.02919 9.952 28.8511
10 76 2.02493 3.56159 33.7062
10 16 4.28286 18.8341 28.4259
10 26 6.14579 19.9301 25.4606
10 69 3.59518 9.62904 28.6128
10 56 5.2199 3.16866 32.1655
9 11 6.85049 16.46 7.56809
9 56 0.220969 12.2364 31.11
9 71 1.85852 13.6245 31.4153
9 96 3.12854 0.294057 13.3588
9 84 1.07261 2.23508 15.2505
8 17 2.75062 15.9656 28.3963
7 3 3.87905 3.70894 87.4818
7 78 2.4315 0.00838984 37.2603
6 95 4.86908 14.3941 8.2144
6 43 1.05699 1.94118 3.49499
6 28 6.99647 15.0083 5.50126
5 77 9.00553 14.7961 53.1487
5 83 7.70799 16.2979 42.1253
5 36 6.45527 8.71244 28.7404
4 25 0.809426 6.54143 26.4948
4 41 1.62111 0.758118 17.6224
3 69 4.07678 0.679299 39.2894
2 45 9.47075 12.1284 15.1438
2 65 0.301728 18.7247 21.5945
2 99 7.69323 0.542197 12.557
1 74 8.71571 1.77451 36.9046
1 51 1.13952 8.83835 35.7632
1 40 1.49075 6.79376 24.4094
1 92 0.623011 6.89678 36.8377
1 12 1.47372 11.0968 24.7738
26 23 5.48595 41.9607
