128 1187
1 241
443 463
59 499
547 503
509 757
577 101
761 971
233 967
659 461
433 431
269 733
631 653
211 661
151 577
31 397
331 977
811 991
263 277
601 103
769 857
277 557
97 61
661 863
571 211
929 907
73 263
647 457
461 769
937 911
467 947
787 367
449 983
797 829
613 883
419 607
479 727
947 619
641 389
353 569
727 233
281 491
61 293
881 523
103 347
223 251
409 617
863 317
821 359
743 821
521 487
257 281
439 593
337 223
401 887
643 599
599 353
919 467
701 811
503 601
311 509
241 571
421 997
823 739
941 647
307 433
967 709
907 349
853 761
683 151
359 719
349 379
857 2
3 401
499 443
757 269
977 853
317 313
997 613
431 421
829 673
373 881
397 641
719 337
251 839
541 383
569 3
347 521
971 929
619 311
827 73
523 773
673 587
773 701
877 691
271 809
953 307
389 541
563 683
691 449
617 827
491 283
709 877
809 941
293 331
677 631
283 751
367 823
887 547
557 439
739 643
587 419
983 953
883 743
2 677
379 409
733 937
653 257
911 479
313 373
751 859
463 59
859 97
487 797
101 563
383 659
839 919
991 31
457 271
