103 4728
1 14
514 433
266 924
434 176
327 101
155 27
947 872
636 715
668 494
584 956
206 675
725 46
853 444
90 482
305 692
740 88
154 921
280 251
270 831
867 262
702 730
861 285
391 837
109 475
676 271
433 654
366 647
262 644
451 710
69 305
423 358
79 826
222 168
996 918
609 303
575 404
393 391
427 558
524 595
607 807
10 293
553 935
621 798
572 515
980 190
440 979
666 775
224 517
603 35
686 898
758 88
820 470
951 402
883 57
191 437
459 547
399 708
988 783
600 996
230 419
332 501
477 870
4 794
92 174
684 389
246 260
908 922
232 425
528 558
917 934
485 536
131 205
706 485
265 347
373 725
111 337
889 851
865 550
817 833
72 970
962 683
50 45
461 850
921 3
648 971
882 72
847 237
768 552
565 805
348 799
258 224
256 155
724 200
429 790
708 363
891 149
325 321
726 945
509 271
499 987
605 45
896 211
904 290
