124 475
1 292
841 576
435 556
774 651
513 774
3 209
73 186
851 402
855 367
420 571
419 155
902 785
358 741
630 283
369 689
924 977
955 57
532 894
776 627
36 163
777 615
928 446
626 227
88 57
453 980
245 131
551 4
732 722
98 359
778 177
127 358
504 288
134 452
220 308
408 550
871 662
491 339
222 453
485 576
673 211
292 180
762 192
912 819
490 927
580 107
162 847
18 737
981 18
320 349
471 107
155 54
657 234
378 992
74 645
256 323
858 488
983 319
941 209
150 606
466 199
356 283
854 55
614 192
35 192
923 921
47 506
170 929
48 216
17 277
679 410
37 456
302 112
429 405
8 705
97 347
464 622
199 566
385 732
536 238
270 794
194 107
346 764
33 827
735 634
876 34
564 737
185 414
195 497
67 696
746 73
809 870
475 705
379 450
869 946
519 567
990 159
944 846
334 64
711 241
383 100
784 746
122 403
371 348
571 192
916 990
10 290
49 4
596 190
534 684
899 787
811 20
856 472
237 589
175 499
478 908
703 759
311 76
299 143
152 846
797 668
236 63
284 721
693 738
802 395
